-5.708484	-148.829865	-0.007217
-5.708484	-148.329865	-0.007217
-5.708484	-147.829865	-0.007217
-5.708484	-147.329865	-0.007217
-5.708484	-146.829865	-0.007217
-5.708484	-146.329865	-0.007217
-5.708484	-145.829865	-0.007217
-5.708484	-145.329865	-0.007217
-5.708484	-144.829865	-0.007217
-5.708484	-144.329865	-0.007217
-5.708484	-143.829865	-0.007217
-5.708484	-143.329865	-0.007217
-5.708484	-142.829865	-0.007217
-5.708484	-142.329865	-0.007217
-5.708484	-141.829865	-0.007217
-5.708484	-141.329865	-0.007217
-5.708484	-140.829865	-0.007217
-5.708483	-140.329865	-0.007217
-5.708483	-139.829865	-0.007217
-5.708483	-139.329865	-0.007217
-5.708483	-138.829865	-0.007217
-5.708484	-138.329865	-0.007217
-5.708484	-137.829865	-0.007217
-5.708484	-137.329865	-0.007217
-5.708484	-136.829865	-0.007217
-5.708484	-136.329865	-0.007217
-5.708484	-135.829865	-0.007217
-5.708483	-135.329865	-0.007217
-5.708483	-134.829865	-0.007217
-5.708484	-134.329865	-0.007217
-5.708484	-133.829865	-0.007217
-5.708484	-133.329865	-0.007217
-5.708484	-132.829865	-0.007217
-5.708484	-132.329865	-0.007217
-5.708484	-131.829865	-0.007217
-5.708484	-131.329865	-0.007217
-5.708484	-130.829865	-0.007217
-5.708484	-130.329865	-0.007217
-5.708483	-129.829865	-0.007217
-5.708483	-129.329865	-0.007217
-5.708483	-128.829865	-0.007217
-5.708484	-128.329865	-0.007217
-5.708484	-127.829857	-0.007217
-5.708484	-127.329857	-0.007217
-5.708484	-126.829857	-0.007217
-5.708484	-126.329857	-0.007217
-5.708484	-125.829857	-0.007217
-5.708481	-125.329857	-0.007217
-5.708484	-124.829857	-0.007217
-5.708484	-124.329857	-0.007217
-5.708484	-123.829857	-0.007217
-5.708484	-123.329857	-0.007217
-5.708481	-122.829857	-0.007217
-5.708481	-122.329857	-0.007217
-5.708481	-121.829857	-0.007217
-5.708484	-121.329857	-0.007217
-5.708481	-120.829857	-0.007217
-5.708481	-120.329857	-0.007217
-5.708484	-119.829857	-0.007217
-5.708484	-119.329857	-0.007217
-5.708481	-118.829872	-0.007217
-5.708484	-118.329857	-0.007217
-5.708484	-117.829857	-0.007217
-5.708481	-117.329857	-0.007217
-5.708484	-116.829857	-0.007217
-5.708484	-116.329857	-0.007217
-5.708484	-115.829865	-0.007217
-5.708484	-115.329865	-0.007217
-5.708484	-114.829872	-0.007217
-5.708481	-114.329872	-0.007217
-5.708481	-113.829872	-0.007217
-5.708481	-113.329872	-0.007217
-5.708484	-112.829872	-0.007217
-5.708481	-112.329872	-0.007217
-5.708484	-111.829872	-0.007217
-5.708484	-111.329872	-0.007217
-5.708481	-110.829872	-0.007217
-5.708481	-110.329872	-0.007217
-5.708484	-109.829872	-0.007217
-5.708481	-109.329872	-0.007217
-5.708481	-108.829872	-0.007217
-5.708481	-108.329872	-0.007217
-5.708484	-107.829865	-0.007217
-5.708484	-107.329872	-0.007217
-5.708484	-106.829872	-0.007217
-5.708484	-106.329872	-0.007217
-5.708484	-105.829872	-0.007217
-5.708484	-105.329865	-0.007217
-5.708484	-104.829865	-0.007217
-5.708484	-104.329872	-0.007217
-5.708484	-103.829865	-0.007217
-5.708484	-103.329872	-0.007217
-5.708479	-102.829872	-0.007217
-5.708484	-102.329872	-0.007217
-5.708479	-101.829872	-0.007217
-5.708484	-101.329872	-0.007217
-5.708479	-100.829872	-0.007217
-5.708484	-100.329872	-0.007217
-5.708479	-99.829872	-0.007217
-5.708479	-99.32988	-0.007217
-5.708484	-98.829865	-0.007217
-5.708484	-98.329865	-0.007217
-5.708484	-97.829865	-0.007217
-5.708484	-97.329865	-0.007217
-5.708479	-96.829872	-0.007217
-5.708484	-96.32988	-0.007217
-5.708484	-95.829872	-0.007217
-5.708484	-95.32988	-0.007217
-5.708484	-94.82988	-0.007217
-5.708484	-94.329865	-0.007217
-5.708479	-93.829872	-0.007217
-5.708484	-93.329865	-0.007217
-5.708479	-92.829872	-0.007217
-5.708484	-92.329865	-0.007217
-5.708479	-91.829865	-0.007217
-5.708479	-91.32988	-0.007217
-5.708484	-90.829865	-0.007217
-5.708479	-90.32988	-0.007217
-5.708484	-89.829872	-0.007217
-5.708484	-89.32988	-0.007217
-5.708484	-88.829865	-0.007217
-5.708479	-88.32988	-0.007217
-5.708484	-87.829872	-0.007217
-5.708479	-87.32988	-0.007217
-5.708484	-86.829865	-0.007217
-5.708479	-86.32988	-0.007217
-5.708484	-85.829872	-0.007217
-5.708479	-85.32988	-0.007217
-5.708484	-84.829865	-0.007217
-5.708484	-84.329865	-0.007217
-5.708479	-83.829872	-0.007217
-5.708484	-83.329865	-0.007217
-5.708484	-82.829865	-0.007217
-5.708479	-82.32988	-0.007217
-5.708484	-81.82988	-0.007217
-5.708484	-81.32988	-0.007217
-5.708484	-80.829865	-0.007217
-5.708479	-80.329872	-0.007217
-5.708479	-79.829872	-0.007217
-5.708484	-79.329872	-0.007217
-5.708479	-78.82988	-0.007217
-5.708479	-78.329872	-0.007217
-5.708479	-77.829872	-0.007217
-5.708484	-77.329872	-0.007217
-5.708484	-76.82988	-0.007217
-5.708479	-76.329887	-0.007217
-5.708479	-75.829872	-0.007217
-5.708479	-75.32988	-0.007217
-5.708484	-74.829865	-0.007217
-5.708484	-74.329872	-0.007217
-5.708479	-73.829887	-0.007217
-5.708479	-73.32988	-0.007217
-5.708479	-72.829872	-0.007217
-5.708484	-72.32988	-0.007217
-5.708479	-71.829887	-0.007217
-5.708484	-71.32988	-0.007217
-5.708484	-70.82988	-0.007217
-5.708479	-70.329887	-0.007217
-5.708484	-69.829872	-0.007217
-5.708479	-69.32988	-0.007217
-5.708484	-68.82988	-0.007217
-5.708484	-68.32988	-0.007217
-5.708484	-67.829872	-0.007217
-5.708479	-67.329887	-0.007217
-5.708484	-66.829872	-0.007217
-5.708484	-66.32988	-0.007217
-5.708484	-65.829872	-0.007217
-5.708484	-65.329887	-0.007217
-5.708484	-64.829872	-0.007217
-5.708484	-64.329887	-0.007217
-5.708484	-63.82988	-0.007217
-5.708484	-63.329891	-0.007217
-5.708484	-62.82988	-0.007217
-5.708474	-62.32988	-0.007217
-5.708484	-61.829872	-0.007217
-5.708474	-61.329891	-0.007217
-5.708484	-60.829872	-0.007217
-5.708484	-60.329891	-0.007217
-5.708484	-59.82988	-0.007217
-5.708484	-59.329872	-0.007217
-5.708484	-58.829872	-0.007217
-5.708474	-58.32988	-0.007217
-5.708484	-57.82988	-0.007217
-5.708474	-57.329891	-0.007217
-5.708484	-56.829891	-0.007217
-5.708484	-56.32988	-0.007217
-5.708474	-55.829872	-0.007217
-5.708474	-55.329891	-0.007217
-5.708474	-54.82988	-0.007217
-5.708484	-54.32988	-0.007217
-5.708474	-53.829891	-0.007217
-5.708484	-53.329891	-0.007217
-5.708474	-52.82988	-0.007217
-5.708484	-52.32988	-0.007217
-5.708484	-51.82988	-0.007217
-5.708484	-51.32988	-0.007217
-5.708474	-50.829884	-0.007217
-5.708474	-50.329884	-0.007217
-5.708484	-49.829884	-0.007217
