-217.684784	166.744934	-0.0075
-217.184784	166.744934	-0.0075
-216.684784	166.744934	-0.0075
-216.184784	166.744934	-0.0075
-215.684784	166.744934	-0.0075
-215.184784	166.744934	-0.0075
-214.684784	166.744934	-0.0075
-214.184784	166.744934	-0.0075
-213.684784	166.744934	-0.0075
-213.184784	166.744934	-0.0075
-212.684784	166.744934	-0.0075
-212.184784	166.744934	-0.0075
-211.684784	166.744934	-0.0075
-211.184784	166.744934	-0.0075
-210.684784	166.744934	-0.0075
-210.184784	166.744934	-0.0075
-209.684784	166.744934	-0.0075
-209.184784	166.744934	-0.0075
-208.684784	166.744934	-0.0075
-208.184784	166.744934	-0.0075
-207.684784	166.744934	-0.0075
-207.184784	166.744934	-0.0075
-206.684784	166.744934	-0.0075
-206.184784	166.744934	-0.0075
-205.684784	166.744934	-0.0075
-205.184784	166.744934	-0.0075
-204.684784	166.744934	-0.0075
-204.184784	166.744934	-0.0075
-203.684784	166.744934	-0.0075
-203.184784	166.744934	-0.0075
-202.684784	166.744934	-0.0075
-202.184784	166.744934	-0.0075
-201.684784	166.744934	-0.0075
-201.184784	166.744934	-0.0075
-200.684784	166.744934	-0.0075
-200.184784	166.744934	-0.0075
-199.684784	166.744934	-0.0075
-199.184784	166.744934	-0.0075
-198.684784	166.744934	-0.0075
-198.184784	166.744934	-0.0075
-197.684784	166.744934	-0.0075
-197.184784	166.744934	-0.0075
-196.684784	166.744934	-0.0075
-196.184784	166.744934	-0.0075
-195.684784	166.744934	-0.0075
-195.184784	166.744934	-0.0075
-194.684784	166.744934	-0.0075
-194.184784	166.744934	-0.0075
-193.684784	166.744934	-0.0075
-193.184784	166.744934	-0.0075
-192.684784	166.744934	-0.0075
-192.184784	166.744934	-0.0075
-191.684784	166.744934	-0.0075
-191.184784	166.744934	-0.0075
-190.684784	166.744934	-0.0075
-190.184784	166.744934	-0.0075
-189.684784	166.744934	-0.0075
-189.184784	166.744934	-0.0075
-188.684784	166.744934	-0.0075
-188.184784	166.744934	-0.0075
-187.684784	166.744934	-0.0075
-187.184784	166.744934	-0.0075
-186.684784	166.744934	-0.0075
-186.184784	166.744934	-0.0075
-185.684784	166.744934	-0.0075
-185.184784	166.744934	-0.0075
-184.684784	166.744934	-0.0075
-184.184784	166.744934	-0.0075
-183.684784	166.744934	-0.0075
-183.184784	166.744934	-0.0075
-182.684784	166.744934	-0.0075
-182.184784	166.744934	-0.0075
-181.684784	166.744934	-0.0075
-181.184784	166.744934	-0.0075
-180.684784	166.744934	-0.0075
-180.184784	166.744934	-0.0075
-179.684784	166.744934	-0.0075
-179.184784	166.744934	-0.0075
-178.684784	166.744934	-0.0075
-178.184784	166.744934	-0.0075
-177.684784	166.744934	-0.0075
-177.184784	166.744934	-0.0075
-176.684784	166.744934	-0.0075
-176.184784	166.744934	-0.0075
-175.684784	166.744934	-0.0075
-175.184784	166.744934	-0.0075
-174.684784	166.744934	-0.0075
-174.184784	166.744934	-0.0075
-173.684784	166.744934	-0.0075
-173.184784	166.744934	-0.0075
-172.684784	166.744934	-0.0075
-172.184784	166.744934	-0.0075
-171.684784	166.744934	-0.0075
-171.184784	166.744934	-0.0075
-170.684784	166.744934	-0.0075
-170.184784	166.744934	-0.0075
-169.684784	166.744934	-0.0075
-169.184784	166.744934	-0.0075
-168.684784	166.744934	-0.0075
-168.184784	166.744934	-0.0075
-167.684784	166.744934	-0.0075
-167.184784	166.744934	-0.0075
-166.684784	166.744934	-0.0075
-166.184784	166.744934	-0.0075
-165.684784	166.744934	-0.0075
-165.184784	166.744934	-0.0075
-164.684784	166.744934	-0.0075
-164.184784	166.744934	-0.0075
-163.684784	166.744934	-0.0075
-163.184784	166.744934	-0.0075
-162.684769	166.744934	-0.0075
-162.184769	166.744934	-0.0075
-161.684784	166.744934	-0.0075
-161.184784	166.744934	-0.0075
-160.684784	166.744934	-0.0075
-160.184784	166.744934	-0.0075
-159.684784	166.744934	-0.0075
-159.184784	166.744934	-0.0075
-158.684769	166.744934	-0.0075
-158.184784	166.744934	-0.0075
-157.684784	166.744934	-0.0075
-157.184784	166.744934	-0.0075
-156.684784	166.744934	-0.0075
-156.184784	166.744934	-0.0075
-155.684784	166.744934	-0.0075
-155.184784	166.744934	-0.0075
-154.684784	166.744934	-0.0075
-154.184769	166.744934	-0.0075
-153.684784	166.744934	-0.0075
-153.184784	166.744934	-0.0075
-152.684784	166.744934	-0.0075
-152.184769	166.744934	-0.0075
-151.684784	166.744934	-0.0075
-151.184784	166.744934	-0.0075
-150.684784	166.744934	-0.0075
-150.184784	166.744934	-0.0075
-149.684784	166.744934	-0.0075
-149.184784	166.744934	-0.0075
-148.684799	166.744934	-0.0075
-148.184784	166.744934	-0.0075
-147.684784	166.744934	-0.0075
-147.184784	166.744934	-0.0075
-146.684784	166.744934	-0.0075
-146.184784	166.744934	-0.0075
-145.684784	166.744934	-0.0075
-145.184784	166.744934	-0.0075
-144.684784	166.744934	-0.0075
-144.184799	166.744934	-0.0075
-143.684784	166.744934	-0.0075
-143.184799	166.744934	-0.0075
-142.684784	166.744934	-0.0075
-142.184784	166.744934	-0.0075
-141.684784	166.744934	-0.0075
-141.184784	166.744934	-0.0075
-140.684784	166.744934	-0.0075
-140.184784	166.744934	-0.0075
-139.684784	166.744934	-0.0075
-139.184784	166.744934	-0.0075
-138.684784	166.744934	-0.0075
-138.184799	166.744934	-0.0075
-137.684784	166.744934	-0.0075
-137.184784	166.744934	-0.0075
-136.684784	166.744934	-0.0075
-136.184784	166.744934	-0.0075
-135.684799	166.744934	-0.0075
-135.184784	166.744934	-0.0075
-134.684784	166.744934	-0.0075
-134.184769	166.744934	-0.0075
-133.684799	166.744934	-0.0075
-133.184769	166.744934	-0.0075
-132.684784	166.744934	-0.0075
-132.184769	166.744934	-0.0075
-131.684799	166.744934	-0.0075
-131.184784	166.744934	-0.0075
-130.684799	166.744934	-0.0075
-130.184799	166.744934	-0.0075
-129.684799	166.744934	-0.0075
-129.184784	166.744934	-0.0075
-128.684799	166.744934	-0.0075
-128.184784	166.744934	-0.0075
-127.684792	166.744934	-0.0075
-127.184784	166.744934	-0.0075
-126.684784	166.744934	-0.0075
-126.184792	166.744934	-0.0075
-125.684784	166.744934	-0.0075
-125.184776	166.744934	-0.0075
-124.684776	166.744934	-0.0075
-124.184784	166.744934	-0.0075
-123.684776	166.744934	-0.0075
-123.184792	166.744934	-0.0075
-122.684776	166.744934	-0.0075
-122.184792	166.744934	-0.0075
-121.684776	166.744934	-0.0075
-121.184761	166.744934	-0.0075
-120.684784	166.744934	-0.0075
-120.184776	166.744934	-0.0075
-119.684792	166.744934	-0.0075
-119.184784	166.744934	-0.0075
-118.684776	166.744934	-0.0075
-118.184784	166.744934	-0.0075
