204.692062	164.841614	-0.0075
204.692062	164.341614	-0.0075
204.692062	163.841614	-0.0075
204.692062	163.341614	-0.0075
204.692062	162.841614	-0.0075
204.692062	162.341614	-0.0075
204.692062	161.841614	-0.0075
204.692062	161.341614	-0.0075
204.692062	160.841614	-0.0075
204.692062	160.341614	-0.0075
204.692062	159.841614	-0.0075
204.692062	159.341614	-0.0075
204.692062	158.841614	-0.0075
204.692062	158.341614	-0.0075
204.692062	157.841614	-0.0075
204.692062	157.341614	-0.0075
204.692062	156.841614	-0.0075
204.692062	156.341614	-0.0075
204.692062	155.841614	-0.0075
204.692062	155.341614	-0.0075
204.692062	154.841614	-0.0075
204.692062	154.341614	-0.0075
204.692062	153.841614	-0.0075
204.692062	153.341614	-0.0075
204.692062	152.841614	-0.0075
204.692062	152.341614	-0.0075
204.692062	151.841614	-0.0075
204.692062	151.341614	-0.0075
204.692062	150.841614	-0.0075
204.692062	150.341614	-0.0075
204.692062	149.841614	-0.0075
204.692062	149.341614	-0.0075
204.692062	148.841614	-0.0075
204.692062	148.341614	-0.0075
204.692062	147.841614	-0.0075
204.692062	147.341614	-0.0075
204.692062	146.841614	-0.0075
204.692062	146.341614	-0.0075
204.692062	145.841614	-0.0075
204.692062	145.341614	-0.0075
204.692062	144.841614	-0.0075
204.692062	144.341614	-0.0075
204.692062	143.841614	-0.0075
204.692062	143.341614	-0.0075
204.692062	142.841614	-0.0075
204.692062	142.341614	-0.0075
204.692062	141.841614	-0.0075
204.692062	141.341614	-0.0075
204.692062	140.841614	-0.0075
204.692062	140.341614	-0.0075
204.692062	139.841614	-0.0075
204.692062	139.341614	-0.0075
204.692062	138.841614	-0.0075
204.692062	138.341614	-0.0075
204.692062	137.841614	-0.0075
204.692062	137.341614	-0.0075
204.692062	136.841614	-0.0075
204.692062	136.341614	-0.0075
204.692062	135.841614	-0.0075
204.692062	135.341614	-0.0075
204.692062	134.841614	-0.0075
204.692062	134.341614	-0.0075
204.692062	133.841614	-0.0075
204.692062	133.341614	-0.0075
204.692062	132.841614	-0.0075
204.692062	132.341614	-0.0075
204.692062	131.841614	-0.0075
204.692062	131.341614	-0.0075
204.692062	130.841614	-0.0075
204.692062	130.341614	-0.0075
204.692062	129.841614	-0.0075
204.692062	129.341614	-0.0075
204.692062	128.841614	-0.0075
204.692062	128.341614	-0.0075
204.692062	127.841621	-0.0075
204.692062	127.341621	-0.0075
204.692062	126.841621	-0.0075
204.692062	126.341621	-0.0075
204.692062	125.841621	-0.0075
204.692062	125.341621	-0.0075
204.692062	124.841621	-0.0075
204.692062	124.341621	-0.0075
204.692062	123.841621	-0.0075
204.692062	123.341621	-0.0075
204.692062	122.841621	-0.0075
204.692062	122.341621	-0.0075
204.692062	121.841621	-0.0075
204.692062	121.341621	-0.0075
204.692062	120.841621	-0.0075
204.692062	120.341621	-0.0075
204.692062	119.841621	-0.0075
204.692062	119.341621	-0.0075
204.692062	118.841621	-0.0075
204.692062	118.341621	-0.0075
204.692062	117.841621	-0.0075
204.692062	117.341621	-0.0075
204.692062	116.841621	-0.0075
204.692062	116.341621	-0.0075
204.692062	115.841621	-0.0075
204.692062	115.341606	-0.0075
204.692062	114.841621	-0.0075
204.692062	114.341621	-0.0075
204.692062	113.841621	-0.0075
204.692062	113.341621	-0.0075
204.692062	112.841621	-0.0075
204.692062	112.341621	-0.0075
204.692062	111.841621	-0.0075
204.692062	111.341621	-0.0075
204.692062	110.841621	-0.0075
204.692062	110.341621	-0.0075
204.692062	109.841621	-0.0075
204.692062	109.341621	-0.0075
204.692062	108.841621	-0.0075
204.692062	108.341621	-0.0075
204.692062	107.841621	-0.0075
204.692062	107.341621	-0.0075
204.692062	106.841621	-0.0075
204.692062	106.341606	-0.0075
204.692062	105.841621	-0.0075
204.692062	105.341621	-0.0075
204.692062	104.841621	-0.0075
204.692062	104.341606	-0.0075
204.692062	103.841629	-0.0075
204.692062	103.341621	-0.0075
204.692062	102.841606	-0.0075
204.692062	102.341621	-0.0075
204.692062	101.841621	-0.0075
204.692062	101.341599	-0.0075
204.692062	100.841606	-0.0075
204.692062	100.341621	-0.0075
204.692062	99.841621	-0.0075
204.692062	99.341621	-0.0075
204.692062	98.841629	-0.0075
204.692062	98.341621	-0.0075
204.692062	97.841606	-0.0075
204.692062	97.341606	-0.0075
204.692062	96.841621	-0.0075
204.692062	96.341629	-0.0075
204.692062	95.841621	-0.0075
204.692062	95.341621	-0.0075
204.692062	94.841621	-0.0075
204.692062	94.341621	-0.0075
204.692062	93.841621	-0.0075
204.692062	93.341629	-0.0075
204.692062	92.841621	-0.0075
204.692062	92.341621	-0.0075
204.692062	91.841606	-0.0075
204.692062	91.341621	-0.0075
204.692062	90.841629	-0.0075
204.692062	90.341621	-0.0075
204.692062	89.841606	-0.0075
204.692062	89.341621	-0.0075
204.692062	88.841621	-0.0075
204.692062	88.341606	-0.0075
204.692062	87.841621	-0.0075
204.692062	87.341621	-0.0075
204.692062	86.841599	-0.0075
204.692062	86.341606	-0.0075
204.692062	85.841621	-0.0075
204.692062	85.341621	-0.0075
204.692062	84.841599	-0.0075
204.692062	84.341621	-0.0075
204.692062	83.841621	-0.0075
204.692062	83.341621	-0.0075
204.692062	82.841621	-0.0075
204.692062	82.341599	-0.0075
204.692062	81.841621	-0.0075
204.692062	81.341629	-0.0075
204.692062	80.841621	-0.0075
204.692062	80.341621	-0.0075
204.692062	79.841606	-0.0075
204.692062	79.341606	-0.0075
204.692062	78.841621	-0.0075
204.692062	78.341606	-0.0075
204.692062	77.841629	-0.0075
204.692062	77.341606	-0.0075
204.692062	76.841621	-0.0075
204.692062	76.341606	-0.0075
204.692062	75.841606	-0.0075
204.692062	75.341621	-0.0075
204.692062	74.841621	-0.0075
204.692062	74.341606	-0.0075
204.692062	73.841599	-0.0075
204.692062	73.341621	-0.0075
204.692062	72.841606	-0.0075
204.692062	72.341606	-0.0075
204.692062	71.841621	-0.0075
204.692062	71.341621	-0.0075
204.692062	70.841606	-0.0075
204.692062	70.341599	-0.0075
204.692062	69.841599	-0.0075
204.692062	69.341599	-0.0075
204.692062	68.841606	-0.0075
204.692062	68.341606	-0.0075
204.692062	67.841621	-0.0075
204.692062	67.341621	-0.0075
204.692062	66.841629	-0.0075
204.692062	66.341599	-0.0075
204.692062	65.841599	-0.0075
204.692062	65.341606	-0.0075
