-10.667517	170.153275	-0.0075
-11.167517	170.153275	-0.0075
-11.667517	170.153275	-0.0075
-12.167517	170.153275	-0.0075
-12.667516	170.153275	-0.0075
-13.167516	170.153275	-0.0075
-13.667516	170.153275	-0.0075
-14.167516	170.153275	-0.0075
-14.667514	170.153275	-0.0075
-15.167514	170.153275	-0.0075
-15.667516	170.153275	-0.0075
-16.167515	170.153275	-0.0075
-16.667515	170.153275	-0.0075
-17.167515	170.153275	-0.0075
-17.667515	170.153275	-0.0075
-18.167515	170.153275	-0.0075
-18.667513	170.153275	-0.0075
-19.167513	170.153275	-0.0075
-19.667513	170.153275	-0.0075
-20.167513	170.153275	-0.0075
-20.667515	170.153275	-0.0075
-21.167515	170.153275	-0.0075
-21.667515	170.153275	-0.0075
-22.167515	170.153275	-0.0075
-22.667515	170.153275	-0.0075
-23.167515	170.153275	-0.0075
-23.667515	170.153275	-0.0075
-24.167515	170.153275	-0.0075
-24.667515	170.153275	-0.0075
-25.167515	170.153275	-0.0075
-25.667515	170.153275	-0.0075
-26.167507	170.153275	-0.0075
-26.667509	170.153275	-0.0075
-27.167509	170.153275	-0.0075
-27.667509	170.153275	-0.0075
-28.167509	170.153275	-0.0075
-28.667509	170.153275	-0.0075
-29.167509	170.153275	-0.0075
-29.667509	170.153275	-0.0075
-30.167509	170.153275	-0.0075
-30.667509	170.153275	-0.0075
-31.167507	170.153275	-0.0075
-31.667511	170.153275	-0.0075
-32.167507	170.153275	-0.0075
-32.667511	170.153275	-0.0075
-33.167511	170.153275	-0.0075
-33.667507	170.153275	-0.0075
-34.167511	170.153275	-0.0075
-34.667507	170.153275	-0.0075
-35.167507	170.153275	-0.0075
-35.667507	170.153275	-0.0075
-36.167507	170.153275	-0.0075
-36.667507	170.153275	-0.0075
-37.167507	170.153275	-0.0075
-37.667507	170.153275	-0.0075
-38.167507	170.153275	-0.0075
-38.667507	170.153275	-0.0075
-39.167507	170.153275	-0.0075
-39.667507	170.153275	-0.0075
-40.167507	170.153275	-0.0075
-40.667507	170.153275	-0.0075
-41.167507	170.153275	-0.0075
-41.667496	170.153275	-0.0075
-42.167496	170.153275	-0.0075
-42.6675	170.153275	-0.0075
-43.1675	170.153275	-0.0075
-43.6675	170.153275	-0.0075
-44.1675	170.153275	-0.0075
-44.6675	170.153275	-0.0075
-45.1675	170.153275	-0.0075
-45.6675	170.153275	-0.0075
-46.1675	170.153275	-0.0075
-46.6675	170.153275	-0.0075
-47.167496	170.153275	-0.0075
-47.6675	170.153275	-0.0075
-48.1675	170.153275	-0.0075
-48.6675	170.153275	-0.0075
-49.1675	170.153275	-0.0075
-49.6675	170.153275	-0.0075
-50.1675	170.153275	-0.0075
-50.6675	170.153275	-0.0075
-51.1675	170.153275	-0.0075
-51.667488	170.153275	-0.0075
-52.1675	170.153275	-0.0075
-52.667488	170.153275	-0.0075
-53.1675	170.153275	-0.0075
-53.667488	170.153275	-0.0075
-54.167488	170.153275	-0.0075
-54.6675	170.153275	-0.0075
-55.167488	170.153275	-0.0075
-55.667488	170.153275	-0.0075
-56.167488	170.153275	-0.0075
-56.667488	170.153275	-0.0075
-57.167488	170.153275	-0.0075
-57.667488	170.153275	-0.0075
-58.167488	170.153275	-0.0075
-58.6675	170.153275	-0.0075
-59.167488	170.153275	-0.0075
-59.667488	170.153275	-0.0075
-60.16748	170.153275	-0.0075
-60.667488	170.153275	-0.0075
-61.167488	170.153275	-0.0075
-61.667488	170.153275	-0.0075
-62.167488	170.153275	-0.0075
-62.66748	170.153275	-0.0075
-63.167488	170.153275	-0.0075
-63.667488	170.153275	-0.0075
-64.167488	170.153275	-0.0075
-64.667488	170.153275	-0.0075
-65.16748	170.153275	-0.0075
-65.667488	170.153275	-0.0075
-66.167488	170.153275	-0.0075
-66.667488	170.153275	-0.0075
-67.167496	170.153275	-0.0075
-67.667488	170.153275	-0.0075
-68.16748	170.153275	-0.0075
-68.667488	170.153275	-0.0075
-69.167488	170.153275	-0.0075
-69.667496	170.153275	-0.0075
-70.167488	170.153275	-0.0075
-70.667488	170.153275	-0.0075
-71.16748	170.153275	-0.0075
-71.667488	170.153275	-0.0075
-72.167458	170.153275	-0.0075
-72.667473	170.153275	-0.0075
-73.167458	170.153275	-0.0075
-73.667473	170.153275	-0.0075
-74.167458	170.153275	-0.0075
-74.667473	170.153275	-0.0075
-75.167458	170.153275	-0.0075
-75.667465	170.153275	-0.0075
-76.167465	170.153275	-0.0075
-76.667458	170.153275	-0.0075
-77.167458	170.153275	-0.0075
-77.667465	170.153275	-0.0075
-78.167465	170.153275	-0.0075
-78.667458	170.153275	-0.0075
-79.167458	170.153275	-0.0075
-79.667465	170.153275	-0.0075
-80.167458	170.153275	-0.0075
-80.667458	170.153275	-0.0075
-81.167465	170.153275	-0.0075
-81.667465	170.153275	-0.0075
-82.167465	170.153275	-0.0075
-82.667458	170.153275	-0.0075
-83.167465	170.153275	-0.0075
-83.667465	170.153275	-0.0075
-84.167458	170.153275	-0.0075
-84.667465	170.153275	-0.0075
-85.16745	170.153275	-0.0075
-85.667465	170.153275	-0.0075
-86.167458	170.153275	-0.0075
-86.667458	170.153275	-0.0075
-87.16745	170.153275	-0.0075
-87.667465	170.153275	-0.0075
-88.167458	170.153275	-0.0075
-88.667465	170.153275	-0.0075
-89.167465	170.153275	-0.0075
-89.667458	170.153275	-0.0075
-90.167458	170.153275	-0.0075
-90.667465	170.153275	-0.0075
-91.167458	170.153275	-0.0075
-91.667458	170.153275	-0.0075
-92.167465	170.153275	-0.0075
-92.667458	170.153275	-0.0075
-93.167465	170.153275	-0.0075
-93.66748	170.153275	-0.0075
-94.16745	170.153275	-0.0075
-94.667458	170.153275	-0.0075
-95.167458	170.153275	-0.0075
-95.667465	170.153275	-0.0075
-96.167458	170.153275	-0.0075
-96.667458	170.153275	-0.0075
-97.167465	170.153275	-0.0075
-97.667458	170.153275	-0.0075
-98.167458	170.153275	-0.0075
-98.667458	170.153275	-0.0075
-99.167465	170.153275	-0.0075
-99.667465	170.153275	-0.0075
-100.167458	170.153275	-0.0075
-100.667458	170.153275	-0.0075
-101.16745	170.153275	-0.0075
-101.66745	170.153275	-0.0075
-102.16745	170.153275	-0.0075
-102.66745	170.153275	-0.0075
-103.16745	170.153275	-0.0075
-103.667458	170.153275	-0.0075
-104.167458	170.153275	-0.0075
-104.66745	170.153275	-0.0075
-105.167458	170.153275	-0.0075
-105.667458	170.153275	-0.0075
-106.167465	170.153275	-0.0075
-106.66745	170.153275	-0.0075
-107.167458	170.153275	-0.0075
-107.66745	170.153275	-0.0075
-108.167465	170.153275	-0.0075
-108.667465	170.153275	-0.0075
-109.167458	170.153275	-0.0075
-109.667458	170.153275	-0.0075
-110.167458	170.153275	-0.0075
