-3.961609	-154.121033	-0.0075
-3.461609	-154.121033	-0.0075
-2.961609	-154.121033	-0.0075
-2.461609	-154.121033	-0.0075
-1.961609	-154.121033	-0.0075
-1.461609	-154.121033	-0.0075
-0.961609	-154.121033	-0.0075
-0.461609	-154.121033	-0.0075
0.038391	-154.121033	-0.0075
0.538391	-154.121033	-0.0075
1.038391	-154.121033	-0.0075
1.538391	-154.121033	-0.0075
2.038392	-154.121033	-0.0075
2.538391	-154.121033	-0.0075
3.038392	-154.121033	-0.0075
3.538392	-154.121033	-0.0075
4.038391	-154.121033	-0.0075
4.538392	-154.121033	-0.0075
5.038391	-154.121033	-0.0075
5.53839	-154.121033	-0.0075
6.03839	-154.121033	-0.0075
6.538391	-154.121033	-0.0075
7.038391	-154.121033	-0.0075
7.538392	-154.121033	-0.0075
8.038392	-154.121033	-0.0075
8.538391	-154.121033	-0.0075
9.038391	-154.121033	-0.0075
9.538392	-154.121033	-0.0075
10.038391	-154.121033	-0.0075
10.538392	-154.121033	-0.0075
11.038391	-154.121033	-0.0075
11.538391	-154.121033	-0.0075
12.038391	-154.121033	-0.0075
12.538391	-154.121033	-0.0075
13.038391	-154.121033	-0.0075
13.538392	-154.121033	-0.0075
14.038391	-154.121033	-0.0075
14.538391	-154.121033	-0.0075
15.038392	-154.121033	-0.0075
15.538391	-154.121033	-0.0075
16.038391	-154.121033	-0.0075
16.538391	-154.121033	-0.0075
17.038391	-154.121033	-0.0075
17.538391	-154.121033	-0.0075
18.038391	-154.121033	-0.0075
18.538391	-154.121033	-0.0075
19.038391	-154.121033	-0.0075
19.538391	-154.121033	-0.0075
20.038387	-154.121033	-0.0075
20.538391	-154.121033	-0.0075
21.038391	-154.121033	-0.0075
21.538391	-154.121033	-0.0075
22.038391	-154.121033	-0.0075
22.538391	-154.121033	-0.0075
23.038391	-154.121033	-0.0075
23.538391	-154.121033	-0.0075
24.038391	-154.121033	-0.0075
24.538391	-154.121033	-0.0075
25.038391	-154.121033	-0.0075
25.538387	-154.121033	-0.0075
26.038391	-154.121033	-0.0075
26.538387	-154.121033	-0.0075
27.038391	-154.121033	-0.0075
27.538393	-154.121033	-0.0075
28.038391	-154.121033	-0.0075
28.538391	-154.121033	-0.0075
29.038391	-154.121033	-0.0075
29.538387	-154.121033	-0.0075
30.038391	-154.121033	-0.0075
30.538395	-154.121033	-0.0075
31.038391	-154.121033	-0.0075
31.538391	-154.121033	-0.0075
32.038391	-154.121033	-0.0075
32.538391	-154.121033	-0.0075
33.038391	-154.121033	-0.0075
33.538391	-154.121033	-0.0075
34.038391	-154.121033	-0.0075
34.538391	-154.121033	-0.0075
35.038391	-154.121033	-0.0075
35.538391	-154.121033	-0.0075
36.038391	-154.121033	-0.0075
36.538391	-154.121033	-0.0075
37.038391	-154.121033	-0.0075
37.538391	-154.121033	-0.0075
38.038391	-154.121033	-0.0075
38.538391	-154.121033	-0.0075
39.038391	-154.121033	-0.0075
39.538391	-154.121033	-0.0075
40.038391	-154.121033	-0.0075
40.538391	-154.121033	-0.0075
41.038387	-154.121033	-0.0075
41.538387	-154.121033	-0.0075
42.038387	-154.121033	-0.0075
42.538387	-154.121033	-0.0075
43.038387	-154.121033	-0.0075
43.538387	-154.121033	-0.0075
44.038387	-154.121033	-0.0075
44.538387	-154.121033	-0.0075
45.038399	-154.121033	-0.0075
45.538387	-154.121033	-0.0075
46.038387	-154.121033	-0.0075
46.538387	-154.121033	-0.0075
47.038387	-154.121033	-0.0075
47.538387	-154.121033	-0.0075
48.038387	-154.121033	-0.0075
48.538387	-154.121033	-0.0075
49.038387	-154.121033	-0.0075
49.538387	-154.121033	-0.0075
50.038387	-154.121033	-0.0075
50.538387	-154.121033	-0.0075
51.038399	-154.121033	-0.0075
51.538399	-154.121033	-0.0075
52.038387	-154.121033	-0.0075
52.538399	-154.121033	-0.0075
53.038387	-154.121033	-0.0075
53.538387	-154.121033	-0.0075
54.038387	-154.121033	-0.0075
54.538387	-154.121033	-0.0075
55.038387	-154.121033	-0.0075
55.538387	-154.121033	-0.0075
56.038387	-154.121033	-0.0075
56.538387	-154.121033	-0.0075
57.038376	-154.121033	-0.0075
57.538376	-154.121033	-0.0075
58.038399	-154.121033	-0.0075
58.538387	-154.121033	-0.0075
59.038376	-154.121033	-0.0075
59.538399	-154.121033	-0.0075
60.038387	-154.121033	-0.0075
60.538376	-154.121033	-0.0075
61.038387	-154.121033	-0.0075
61.538387	-154.121033	-0.0075
62.038387	-154.121033	-0.0075
62.538387	-154.121033	-0.0075
63.038387	-154.121033	-0.0075
63.538376	-154.121033	-0.0075
64.038399	-154.121033	-0.0075
64.538376	-154.121033	-0.0075
65.038383	-154.121033	-0.0075
65.538383	-154.121033	-0.0075
66.038383	-154.121033	-0.0075
66.538383	-154.121033	-0.0075
67.038383	-154.121033	-0.0075
67.538399	-154.121033	-0.0075
68.038376	-154.121033	-0.0075
68.538383	-154.121033	-0.0075
69.038383	-154.121033	-0.0075
69.538399	-154.121033	-0.0075
70.038383	-154.121033	-0.0075
70.538383	-154.121033	-0.0075
71.038383	-154.121033	-0.0075
71.538383	-154.121033	-0.0075
72.038399	-154.121033	-0.0075
72.538399	-154.121033	-0.0075
73.038383	-154.121033	-0.0075
73.538399	-154.121033	-0.0075
74.038383	-154.121033	-0.0075
74.538383	-154.121033	-0.0075
75.038383	-154.121033	-0.0075
75.538383	-154.121033	-0.0075
76.038383	-154.121033	-0.0075
76.538399	-154.121033	-0.0075
77.038383	-154.121033	-0.0075
77.538399	-154.121033	-0.0075
78.038376	-154.121033	-0.0075
78.538399	-154.121033	-0.0075
79.038399	-154.121033	-0.0075
79.538383	-154.121033	-0.0075
80.038383	-154.121033	-0.0075
80.538399	-154.121033	-0.0075
81.038376	-154.121033	-0.0075
81.538383	-154.121033	-0.0075
82.038406	-154.121033	-0.0075
82.538399	-154.121033	-0.0075
83.038383	-154.121033	-0.0075
83.538383	-154.121033	-0.0075
84.038383	-154.121033	-0.0075
84.538383	-154.121033	-0.0075
85.038383	-154.121033	-0.0075
85.538399	-154.121033	-0.0075
86.038399	-154.121033	-0.0075
86.538406	-154.121033	-0.0075
87.038399	-154.121033	-0.0075
87.538376	-154.121033	-0.0075
88.038376	-154.121033	-0.0075
88.538383	-154.121033	-0.0075
89.038383	-154.121033	-0.0075
89.538383	-154.121033	-0.0075
90.038383	-154.121033	-0.0075
90.538383	-154.121033	-0.0075
91.038399	-154.121033	-0.0075
91.538376	-154.121033	-0.0075
92.038376	-154.121033	-0.0075
92.538376	-154.121033	-0.0075
93.038383	-154.121033	-0.0075
93.538383	-154.121033	-0.0075
94.038399	-154.121033	-0.0075
94.538383	-154.121033	-0.0075
95.038376	-154.121033	-0.0075
