-112.664627	64.984032	-0.007217
-112.664627	65.484032	-0.007217
-112.664627	65.984032	-0.007217
-112.664627	66.484032	-0.007217
-112.664627	66.984032	-0.007217
-112.664627	67.484032	-0.007217
-112.664627	67.984032	-0.007217
-112.664627	68.484032	-0.007217
-112.664627	68.984032	-0.007217
-112.664627	69.484032	-0.007217
-112.664627	69.984032	-0.007217
-112.664627	70.484032	-0.007217
-112.664627	70.984032	-0.007217
-112.664627	71.484032	-0.007217
-112.664627	71.984032	-0.007217
-112.664627	72.484032	-0.007217
-112.664627	72.984032	-0.007217
-112.664627	73.484032	-0.007217
-112.664627	73.984032	-0.007217
-112.664627	74.484032	-0.007217
-112.664627	74.984032	-0.007217
-112.664627	75.484032	-0.007217
-112.664627	75.984032	-0.007217
-112.664627	76.484032	-0.007217
-112.664627	76.984032	-0.007217
-112.664627	77.484032	-0.007217
-112.664627	77.984032	-0.007217
-112.664627	78.484032	-0.007217
-112.664627	78.984032	-0.007217
-112.664627	79.484032	-0.007217
-112.664627	79.984032	-0.007217
-112.664627	80.484032	-0.007217
-112.664627	80.984032	-0.007217
-112.664627	81.484032	-0.007217
-112.664627	81.984032	-0.007217
-112.664627	82.484032	-0.007217
-112.664627	82.984032	-0.007217
-112.664627	83.484032	-0.007217
-112.664627	83.984032	-0.007217
-112.664627	84.484032	-0.007217
-112.664627	84.984032	-0.007217
-112.664627	85.484032	-0.007217
-112.664627	85.984032	-0.007217
-112.664627	86.484032	-0.007217
-112.664627	86.984032	-0.007217
-112.664627	87.484032	-0.007217
-112.664627	87.984032	-0.007217
-112.664627	88.484024	-0.007217
-112.664627	88.984032	-0.007217
-112.664627	89.484032	-0.007217
-112.664627	89.984032	-0.007217
-112.664627	90.484032	-0.007217
-112.664627	90.984024	-0.007217
-112.664627	91.484024	-0.007217
-112.664627	91.984024	-0.007217
-112.664627	92.484024	-0.007217
-112.664627	92.984024	-0.007217
-112.664627	93.484032	-0.007217
-112.664627	93.984032	-0.007217
-112.664627	94.484024	-0.007217
-112.664627	94.984024	-0.007217
-112.664627	95.484024	-0.007217
-112.664627	95.984032	-0.007217
-112.664627	96.484024	-0.007217
-112.664627	96.984032	-0.007217
-112.664627	97.484024	-0.007217
-112.664627	97.984032	-0.007217
-112.664627	98.484024	-0.007217
-112.664627	98.984024	-0.007217
-112.664627	99.484024	-0.007217
-112.664627	99.984024	-0.007217
-112.664627	100.484024	-0.007217
-112.664627	100.984024	-0.007217
-112.664627	101.484024	-0.007217
-112.664627	101.984024	-0.007217
-112.664627	102.484024	-0.007217
-112.664627	102.984024	-0.007217
-112.664627	103.484024	-0.007217
-112.664627	103.984024	-0.007217
-112.664627	104.484024	-0.007217
-112.664627	104.984024	-0.007217
-112.664627	105.484024	-0.007217
-112.664627	105.984024	-0.007217
-112.664627	106.484024	-0.007217
-112.664627	106.984024	-0.007217
-112.664627	107.484024	-0.007217
-112.664627	107.984024	-0.007217
-112.664627	108.484024	-0.007217
-112.664627	108.984024	-0.007217
-112.664627	109.484024	-0.007217
-112.664627	109.984024	-0.007217
-112.664627	110.484024	-0.007217
-112.664627	110.984024	-0.007217
-112.664627	111.484024	-0.007217
-112.664627	111.984024	-0.007217
-112.664627	112.484024	-0.007217
-112.664627	112.984024	-0.007217
-112.664627	113.484024	-0.007217
-112.664627	113.984024	-0.007217
-112.664627	114.484024	-0.007217
-112.664627	114.984024	-0.007217
-112.664627	115.484024	-0.007217
-112.664627	115.984024	-0.007217
-112.664627	116.484024	-0.007217
-112.664627	116.984024	-0.007217
-112.664627	117.484024	-0.007217
-112.664627	117.984024	-0.007217
-112.664627	118.484024	-0.007217
-112.664627	118.984024	-0.007217
-112.664627	119.484024	-0.007217
-112.664627	119.984024	-0.007217
-112.664627	120.484024	-0.007217
-112.664627	120.984024	-0.007217
-112.664627	121.484024	-0.007217
-112.664627	121.984024	-0.007217
-112.664627	122.484024	-0.007217
-112.664627	122.984024	-0.007217
-112.664627	123.484024	-0.007217
-112.664627	123.984024	-0.007217
-112.664627	124.484024	-0.007217
-112.664627	124.984024	-0.007217
-112.664627	125.484009	-0.007217
-112.664627	125.984024	-0.007217
-112.664627	126.484024	-0.007217
-112.664627	126.984032	-0.007217
-112.664627	127.484009	-0.007217
-112.664627	127.984024	-0.007217
-112.664627	128.484024	-0.007217
-112.664627	128.984024	-0.007217
-112.664627	129.484024	-0.007217
-112.664627	129.984024	-0.007217
-112.664627	130.484024	-0.007217
-112.664627	130.984024	-0.007217
-112.664627	131.483994	-0.007217
-112.664627	131.984024	-0.007217
-112.664627	132.484024	-0.007217
-112.664627	132.984024	-0.007217
-112.664627	133.484024	-0.007217
-112.664627	133.984024	-0.007217
-112.664627	134.484024	-0.007217
-112.664627	134.984009	-0.007217
-112.664627	135.484024	-0.007217
-112.664627	135.984024	-0.007217
-112.664627	136.484024	-0.007217
-112.664627	136.984024	-0.007217
-112.664627	137.483994	-0.007217
-112.664627	137.984024	-0.007217
-112.664627	138.484009	-0.007217
-112.664627	138.984024	-0.007217
-112.664627	139.484024	-0.007217
-112.664627	139.983994	-0.007217
-112.664627	140.484024	-0.007217
-112.664627	140.984024	-0.007217
-112.664627	141.484009	-0.007217
-112.664627	141.983994	-0.007217
-112.664627	142.484024	-0.007217
-112.664627	142.984009	-0.007217
-112.664627	143.483994	-0.007217
-112.664627	143.984024	-0.007217
-112.664627	144.484009	-0.007217
-112.664627	144.984009	-0.007217
-112.664627	145.484024	-0.007217
-112.664627	145.984024	-0.007217
-112.664627	146.483994	-0.007217
-112.664627	146.984024	-0.007217
-112.664627	147.484009	-0.007217
-112.664627	147.984024	-0.007217
-112.664627	148.483994	-0.007217
-112.664627	148.984024	-0.007217
-112.664627	149.483994	-0.007217
-112.664627	149.984009	-0.007217
-112.664627	150.483994	-0.007217
-112.664627	150.984009	-0.007217
-112.664619	151.484009	-0.007217
-112.664627	151.984024	-0.007217
-112.664619	152.483994	-0.007217
-112.664627	152.984024	-0.007217
-112.664627	153.483994	-0.007217
-112.664627	153.984009	-0.007217
-112.664627	154.484024	-0.007217
-112.664627	154.984024	-0.007217
-112.664619	155.484009	-0.007217
-112.664627	155.984009	-0.007217
-112.664619	156.483994	-0.007217
-112.664627	156.983994	-0.007217
-112.664627	157.484009	-0.007217
-112.664619	157.984024	-0.007217
-112.664619	158.483994	-0.007217
-112.664619	158.984009	-0.007217
-112.664627	159.484009	-0.007217
-112.664619	159.983994	-0.007217
-112.664627	160.483994	-0.007217
-112.664619	160.984009	-0.007217
-112.664627	161.484009	-0.007217
-112.664627	161.984009	-0.007217
-112.664627	162.484009	-0.007217
-112.664619	162.984009	-0.007217
-112.664619	163.484009	-0.007217
-112.664627	163.984024	-0.007217
