-110.74939	166.744934	-0.0075
-110.24939	166.744934	-0.0075
-109.74939	166.744934	-0.0075
-109.24939	166.744934	-0.0075
-108.74939	166.744934	-0.0075
-108.24939	166.744934	-0.0075
-107.74939	166.744934	-0.0075
-107.24939	166.744934	-0.0075
-106.74939	166.744934	-0.0075
-106.24939	166.744934	-0.0075
-105.74939	166.744934	-0.0075
-105.24939	166.744934	-0.0075
-104.74939	166.744934	-0.0075
-104.24939	166.744934	-0.0075
-103.74939	166.744934	-0.0075
-103.24939	166.744934	-0.0075
-102.74939	166.744934	-0.0075
-102.24939	166.744934	-0.0075
-101.74939	166.744934	-0.0075
-101.24939	166.744934	-0.0075
-100.74939	166.744934	-0.0075
-100.24939	166.744934	-0.0075
-99.74939	166.744934	-0.0075
-99.24939	166.744934	-0.0075
-98.74939	166.744934	-0.0075
-98.24939	166.744934	-0.0075
-97.74939	166.744934	-0.0075
-97.24939	166.744934	-0.0075
-96.74939	166.744934	-0.0075
-96.24939	166.744934	-0.0075
-95.74939	166.744934	-0.0075
-95.24939	166.744934	-0.0075
-94.74939	166.744934	-0.0075
-94.24939	166.744934	-0.0075
-93.74939	166.744934	-0.0075
-93.24939	166.744934	-0.0075
-92.74939	166.744934	-0.0075
-92.24939	166.744934	-0.0075
-91.74939	166.744934	-0.0075
-91.24939	166.744934	-0.0075
-90.74939	166.744934	-0.0075
-90.24939	166.744934	-0.0075
-89.74939	166.744934	-0.0075
-89.24939	166.744934	-0.0075
-88.74939	166.744934	-0.0075
-88.24939	166.744934	-0.0075
-87.74939	166.744934	-0.0075
-87.24939	166.744934	-0.0075
-86.74939	166.744934	-0.0075
-86.24939	166.744934	-0.0075
-85.74939	166.744934	-0.0075
-85.24939	166.744934	-0.0075
-84.74939	166.744934	-0.0075
-84.24939	166.744934	-0.0075
-83.74939	166.744934	-0.0075
-83.24939	166.744934	-0.0075
-82.74939	166.744934	-0.0075
-82.24939	166.744934	-0.0075
-81.74939	166.744934	-0.0075
-81.24939	166.744934	-0.0075
-80.74939	166.744934	-0.0075
-80.24939	166.744934	-0.0075
-79.74939	166.744934	-0.0075
-79.24939	166.744934	-0.0075
-78.74939	166.744934	-0.0075
-78.24939	166.744934	-0.0075
-77.74939	166.744934	-0.0075
-77.24939	166.744934	-0.0075
-76.74939	166.744934	-0.0075
-76.24939	166.744934	-0.0075
-75.74939	166.744934	-0.0075
-75.24939	166.744934	-0.0075
-74.74939	166.744934	-0.0075
-74.24939	166.744934	-0.0075
-73.74939	166.744934	-0.0075
-73.24939	166.744934	-0.0075
-72.74939	166.744934	-0.0075
-72.24939	166.744934	-0.0075
-71.74939	166.744934	-0.0075
-71.249397	166.744934	-0.0075
-70.74939	166.744934	-0.0075
-70.24939	166.744934	-0.0075
-69.749397	166.744934	-0.0075
-69.24939	166.744934	-0.0075
-68.74939	166.744934	-0.0075
-68.24939	166.744934	-0.0075
-67.74939	166.744934	-0.0075
-67.24939	166.744934	-0.0075
-66.74939	166.744934	-0.0075
-66.24939	166.744934	-0.0075
-65.74939	166.744934	-0.0075
-65.249397	166.744934	-0.0075
-64.74939	166.744934	-0.0075
-64.24939	166.744934	-0.0075
-63.74939	166.744934	-0.0075
-63.249393	166.744934	-0.0075
-62.749393	166.744934	-0.0075
-62.249393	166.744934	-0.0075
-61.749393	166.744934	-0.0075
-61.249393	166.744934	-0.0075
-60.749393	166.744934	-0.0075
-60.24939	166.744934	-0.0075
-59.749397	166.744934	-0.0075
-59.249393	166.744934	-0.0075
-58.749393	166.744934	-0.0075
-58.249393	166.744934	-0.0075
-57.749393	166.744934	-0.0075
-57.24939	166.744934	-0.0075
-56.74939	166.744934	-0.0075
-56.24939	166.744934	-0.0075
-55.749382	166.744934	-0.0075
-55.249382	166.744934	-0.0075
-54.74939	166.744934	-0.0075
-54.249393	166.744934	-0.0075
-53.749393	166.744934	-0.0075
-53.249393	166.744934	-0.0075
-52.749397	166.744934	-0.0075
-52.249393	166.744934	-0.0075
-51.749382	166.744934	-0.0075
-51.24939	166.744934	-0.0075
-50.74939	166.744934	-0.0075
-50.249393	166.744934	-0.0075
-49.749393	166.744934	-0.0075
-49.24939	166.744934	-0.0075
-48.749397	166.744934	-0.0075
-48.249397	166.744934	-0.0075
-47.74939	166.744934	-0.0075
-47.249382	166.744934	-0.0075
-46.749393	166.744934	-0.0075
-46.249393	166.744934	-0.0075
-45.749397	166.744934	-0.0075
-45.249382	166.744934	-0.0075
-44.74939	166.744934	-0.0075
-44.249397	166.744934	-0.0075
-43.74939	166.744934	-0.0075
-43.24939	166.744934	-0.0075
-42.749397	166.744934	-0.0075
-42.249397	166.744934	-0.0075
-41.749405	166.744934	-0.0075
-41.249393	166.744934	-0.0075
-40.74939	166.744934	-0.0075
-40.249393	166.744934	-0.0075
-39.749393	166.744934	-0.0075
-39.24939	166.744934	-0.0075
-38.749397	166.744934	-0.0075
-38.249393	166.744934	-0.0075
-37.749393	166.744934	-0.0075
-37.249405	166.744934	-0.0075
-36.749393	166.744934	-0.0075
-36.249405	166.744934	-0.0075
-35.74939	166.744934	-0.0075
-35.249393	166.744934	-0.0075
-34.749393	166.744934	-0.0075
-34.249393	166.744934	-0.0075
-33.749397	166.744934	-0.0075
-33.249397	166.744934	-0.0075
-32.74939	166.744934	-0.0075
-32.24939	166.744934	-0.0075
-31.749393	166.744934	-0.0075
-31.249403	166.744934	-0.0075
-30.749399	166.744934	-0.0075
-30.249399	166.744934	-0.0075
-29.74939	166.744934	-0.0075
-29.24939	166.744934	-0.0075
-28.749413	166.744934	-0.0075
-28.249393	166.744934	-0.0075
-27.749393	166.744934	-0.0075
-27.249384	166.744934	-0.0075
-26.749403	166.744934	-0.0075
-26.249384	166.744934	-0.0075
-25.749393	166.744934	-0.0075
-25.249384	166.744934	-0.0075
-24.749403	166.744934	-0.0075
-24.249393	166.744934	-0.0075
-23.749403	166.744934	-0.0075
-23.249403	166.744934	-0.0075
-22.749403	166.744934	-0.0075
-22.249393	166.744934	-0.0075
-21.749403	166.744934	-0.0075
-21.249393	166.744934	-0.0075
-20.749403	166.744934	-0.0075
-20.249393	166.744934	-0.0075
-19.749393	166.744934	-0.0075
-19.249403	166.744934	-0.0075
-18.749393	166.744934	-0.0075
-18.249384	166.744934	-0.0075
-17.749384	166.744934	-0.0075
-17.249393	166.744934	-0.0075
-16.749384	166.744934	-0.0075
-16.249403	166.744934	-0.0075
-15.749385	166.744934	-0.0075
-15.249404	166.744934	-0.0075
-14.749385	166.744934	-0.0075
-14.249374	166.744934	-0.0075
-13.749394	166.744934	-0.0075
-13.249385	166.744934	-0.0075
-12.749404	166.744934	-0.0075
-12.249394	166.744934	-0.0075
-11.749385	166.744934	-0.0075
-11.249394	166.744934	-0.0075
