-5.708412	64.984032	-0.007217
-5.708412	65.484032	-0.007217
-5.708412	65.984032	-0.007217
-5.708412	66.484032	-0.007217
-5.708412	66.984032	-0.007217
-5.708412	67.484032	-0.007217
-5.708412	67.984032	-0.007217
-5.708412	68.484032	-0.007217
-5.708412	68.984032	-0.007217
-5.708412	69.484032	-0.007217
-5.708412	69.984032	-0.007217
-5.708412	70.484032	-0.007217
-5.708412	70.984032	-0.007217
-5.708412	71.484032	-0.007217
-5.708412	71.984032	-0.007217
-5.708412	72.484032	-0.007217
-5.708412	72.984032	-0.007217
-5.708412	73.484032	-0.007217
-5.708412	73.984032	-0.007217
-5.708412	74.484032	-0.007217
-5.708412	74.984032	-0.007217
-5.708412	75.484032	-0.007217
-5.708412	75.984032	-0.007217
-5.708412	76.484032	-0.007217
-5.708412	76.984032	-0.007217
-5.708412	77.484032	-0.007217
-5.708412	77.984032	-0.007217
-5.708411	78.484032	-0.007217
-5.708411	78.984032	-0.007217
-5.708412	79.484032	-0.007217
-5.708412	79.984032	-0.007217
-5.708412	80.484032	-0.007217
-5.708412	80.984032	-0.007217
-5.708412	81.484032	-0.007217
-5.708412	81.984032	-0.007217
-5.708412	82.484032	-0.007217
-5.708412	82.984032	-0.007217
-5.708412	83.484032	-0.007217
-5.708411	83.984032	-0.007217
-5.708411	84.484032	-0.007217
-5.708411	84.984032	-0.007217
-5.708412	85.484032	-0.007217
-5.708412	85.984032	-0.007217
-5.708412	86.484032	-0.007217
-5.708412	86.984032	-0.007217
-5.708412	87.484032	-0.007217
-5.708412	87.984032	-0.007217
-5.70841	88.484024	-0.007217
-5.708412	88.984032	-0.007217
-5.708412	89.484032	-0.007217
-5.708412	89.984032	-0.007217
-5.708412	90.484032	-0.007217
-5.70841	90.984024	-0.007217
-5.70841	91.484024	-0.007217
-5.70841	91.984024	-0.007217
-5.708412	92.484024	-0.007217
-5.70841	92.984024	-0.007217
-5.70841	93.484032	-0.007217
-5.708412	93.984032	-0.007217
-5.708412	94.484024	-0.007217
-5.70841	94.984024	-0.007217
-5.708412	95.484024	-0.007217
-5.708412	95.984032	-0.007217
-5.70841	96.484024	-0.007217
-5.708412	96.984032	-0.007217
-5.708412	97.484024	-0.007217
-5.708412	97.984032	-0.007217
-5.708412	98.484024	-0.007217
-5.708412	98.984024	-0.007217
-5.70841	99.484024	-0.007217
-5.70841	99.984024	-0.007217
-5.70841	100.484024	-0.007217
-5.708412	100.984024	-0.007217
-5.70841	101.484024	-0.007217
-5.708412	101.984024	-0.007217
-5.708412	102.484024	-0.007217
-5.70841	102.984024	-0.007217
-5.70841	103.484024	-0.007217
-5.708412	103.984024	-0.007217
-5.70841	104.484024	-0.007217
-5.70841	104.984024	-0.007217
-5.70841	105.484024	-0.007217
-5.708412	105.984024	-0.007217
-5.708412	106.484024	-0.007217
-5.708412	106.984024	-0.007217
-5.708412	107.484024	-0.007217
-5.708412	107.984024	-0.007217
-5.708412	108.484024	-0.007217
-5.708412	108.984024	-0.007217
-5.708412	109.484024	-0.007217
-5.708412	109.984024	-0.007217
-5.708412	110.484024	-0.007217
-5.708407	110.984024	-0.007217
-5.708412	111.484024	-0.007217
-5.708407	111.984024	-0.007217
-5.708412	112.484024	-0.007217
-5.708407	112.984024	-0.007217
-5.708412	113.484024	-0.007217
-5.708407	113.984024	-0.007217
-5.708407	114.484024	-0.007217
-5.708412	114.984024	-0.007217
-5.708412	115.484024	-0.007217
-5.708412	115.984024	-0.007217
-5.708412	116.484024	-0.007217
-5.708407	116.984024	-0.007217
-5.708412	117.484024	-0.007217
-5.708412	117.984024	-0.007217
-5.708412	118.484024	-0.007217
-5.708412	118.984024	-0.007217
-5.708412	119.484024	-0.007217
-5.708407	119.984024	-0.007217
-5.708412	120.484024	-0.007217
-5.708407	120.984024	-0.007217
-5.708412	121.484024	-0.007217
-5.708407	121.984024	-0.007217
-5.708407	122.484024	-0.007217
-5.708412	122.984024	-0.007217
-5.708407	123.484024	-0.007217
-5.708412	123.984024	-0.007217
-5.708412	124.484024	-0.007217
-5.708412	124.984024	-0.007217
-5.708407	125.484009	-0.007217
-5.708412	125.984024	-0.007217
-5.708407	126.484024	-0.007217
-5.708412	126.984032	-0.007217
-5.708407	127.484009	-0.007217
-5.708412	127.984024	-0.007217
-5.708407	128.484024	-0.007217
-5.708412	128.984024	-0.007217
-5.708412	129.484024	-0.007217
-5.708407	129.984024	-0.007217
-5.708412	130.484024	-0.007217
-5.708412	130.984024	-0.007217
-5.708407	131.483994	-0.007217
-5.708412	131.984024	-0.007217
-5.708412	132.484024	-0.007217
-5.708412	132.984024	-0.007217
-5.708407	133.484024	-0.007217
-5.708407	133.984024	-0.007217
-5.708412	134.484024	-0.007217
-5.708407	134.984009	-0.007217
-5.708407	135.484024	-0.007217
-5.708407	135.984024	-0.007217
-5.708412	136.484024	-0.007217
-5.708412	136.984024	-0.007217
-5.708407	137.483994	-0.007217
-5.708407	137.984024	-0.007217
-5.708407	138.484009	-0.007217
-5.708412	138.984024	-0.007217
-5.708412	139.484024	-0.007217
-5.708407	139.983994	-0.007217
-5.708407	140.484024	-0.007217
-5.708407	140.984024	-0.007217
-5.708412	141.484009	-0.007217
-5.708407	141.983994	-0.007217
-5.708412	142.484024	-0.007217
-5.708412	142.984009	-0.007217
-5.708407	143.483994	-0.007217
-5.708412	143.984024	-0.007217
-5.708407	144.484009	-0.007217
-5.708412	144.984009	-0.007217
-5.708412	145.484024	-0.007217
-5.708412	145.984024	-0.007217
-5.708407	146.483994	-0.007217
-5.708412	146.984024	-0.007217
-5.708412	147.484009	-0.007217
-5.708412	147.984024	-0.007217
-5.708412	148.483994	-0.007217
-5.708412	148.984024	-0.007217
-5.708412	149.483994	-0.007217
-5.708412	149.984009	-0.007217
-5.708412	150.483994	-0.007217
-5.708412	150.984009	-0.007217
-5.708403	151.484009	-0.007217
-5.708412	151.984024	-0.007217
-5.708403	152.483994	-0.007217
-5.708412	152.984024	-0.007217
-5.708412	153.483994	-0.007217
-5.708412	153.984009	-0.007217
-5.708412	154.484024	-0.007217
-5.708412	154.984024	-0.007217
-5.708403	155.484009	-0.007217
-5.708412	155.984009	-0.007217
-5.708403	156.483994	-0.007217
-5.708412	156.983994	-0.007217
-5.708412	157.484009	-0.007217
-5.708403	157.984024	-0.007217
-5.708403	158.483994	-0.007217
-5.708403	158.984009	-0.007217
-5.708412	159.484009	-0.007217
-5.708403	159.983994	-0.007217
-5.708412	160.483994	-0.007217
-5.708403	160.984009	-0.007217
-5.708412	161.484009	-0.007217
-5.708412	161.984009	-0.007217
-5.708412	162.484009	-0.007217
-5.708403	162.984009	-0.007217
-5.708403	163.484009	-0.007217
-5.708412	163.984024	-0.007217
