-175.280685	770.251648	0.516772
-174.884659	769.959961	0.517822
-174.487534	769.66748	0.518868
-174.089279	769.374268	0.519912
-173.689957	769.080383	0.520952
-173.289581	768.785706	0.521989
-172.888184	768.490356	0.523024
-172.485764	768.194275	0.524055
-172.082382	767.897583	0.525084
-171.678024	767.60022	0.526111
-171.272736	767.302185	0.527135
-170.866562	767.003479	0.528156
-170.459488	766.704285	0.529175
-170.051559	766.404419	0.530191
-169.642792	766.104065	0.531205
-169.243057	765.810303	0.532193
-168.84375	765.516907	0.533176
-168.44371	765.223022	0.534156
-168.042969	764.92865	0.535135
-167.641541	764.633789	0.536112
-167.239471	764.338562	0.537087
-166.836777	764.042847	0.53806
-166.433472	763.746765	0.539032
-166.029587	763.450195	0.540002
-165.625107	763.15332	0.54097
-165.220139	762.856079	0.541937
-164.814606	762.558411	0.542903
-164.408615	762.260437	0.543867
-164.002121	761.962158	0.54483
-163.597656	761.665344	0.545786
-163.196457	761.370911	0.546732
-162.794861	761.076294	0.547676
-162.392883	760.781372	0.54862
-161.99057	760.486206	0.549563
-161.587921	760.190918	0.550505
-161.184967	759.895325	0.551446
-160.781738	759.599487	0.552386
-160.378235	759.303589	0.553326
-159.974472	759.007507	0.554265
-159.570511	758.711182	0.555203
-159.166351	758.414734	0.556141
-158.762009	758.118286	0.557078
-158.357513	757.821594	0.558015
-157.952881	757.524902	0.558951
-157.549179	757.228821	0.559885
-157.145859	756.933105	0.560817
-156.742493	756.637268	0.561749
-156.339066	756.341492	0.562681
-155.935608	756.045593	0.563613
-155.532135	755.749756	0.564545
-155.128693	755.453918	0.565477
-154.725296	755.158081	0.566409
-154.321945	754.862305	0.567341
-153.918671	754.566528	0.568274
-153.515503	754.270935	0.569206
-153.112457	753.975403	0.570139
-152.709564	753.679932	0.571073
-152.306839	753.384521	0.572007
-151.904297	753.089294	0.572941
-151.499161	752.792175	0.573883
-151.094009	752.494995	0.574826
-150.689102	752.198059	0.575769
-150.284485	751.901245	0.576713
-149.880157	751.604675	0.577658
-149.476166	751.308289	0.578604
-149.07251	751.012085	0.579551
-148.669205	750.716248	0.580499
-148.266312	750.420593	0.581448
-147.8638	750.125305	0.582398
-147.461731	749.8302	0.583349
-147.06012	749.535461	0.584302
-146.658966	749.241089	0.585256
-146.258316	748.947021	0.586211
-145.856216	748.651855	0.587173
-145.448898	748.352783	0.588149
-145.042191	748.054199	0.589128
-144.636078	747.755981	0.590108
-144.230591	747.458252	0.591089
-143.82576	747.16095	0.592073
-143.4216	746.864075	0.593058
-143.018143	746.567627	0.594046
-142.615402	746.27179	0.595035
-142.213409	745.976379	0.596026
-141.812195	745.681519	0.59702
-141.411758	745.387268	0.598016
-141.012146	745.093506	0.599014
-140.613373	744.800354	0.600014
-140.215439	744.507813	0.601017
-139.807388	744.207703	0.60205
-139.398666	743.907104	0.60309
-138.990952	743.607117	0.604133
-138.584229	743.307861	0.605178
-138.178574	743.009338	0.606226
-137.773956	742.711548	0.607278
-137.370468	742.41449	0.608332
-136.968079	742.118286	0.60939
-136.566833	741.822693	0.61045
-136.166748	741.528015	0.611514
-135.767883	741.234131	0.612581
-135.370209	740.941101	0.613652
-134.973801	740.648987	0.614726
-134.578674	740.357666	0.615804
-134.167984	740.054749	0.616931
-133.757553	739.752014	0.618066
-133.348618	739.450317	0.619205
-132.941162	739.149658	0.620348
-132.535248	738.849976	0.621495
-132.13089	738.551392	0.622647
-131.728134	738.253967	0.623803
-131.327011	737.957581	0.624964
-130.927521	737.662354	0.626129
-130.529709	737.368286	0.627299
-130.133621	737.075317	0.628473
-129.739258	736.783569	0.629653
-129.346664	736.493103	0.630837
-128.941223	736.192932	0.632071
-128.528275	735.887146	0.63334
-128.117432	735.582825	0.634614
-127.708717	735.279907	0.635894
-127.302162	734.978516	0.637181
-126.897797	734.678589	0.638473
-126.495682	734.380188	0.639772
-126.095825	734.083435	0.641077
-125.69828	733.788086	0.642388
-125.303055	733.494507	0.643706
-124.91021	733.202454	0.645031
-124.519783	732.912109	0.646362
-124.129997	732.62207	0.647706
-123.713249	732.311768	0.64916
-123.299431	732.003601	0.650623
-122.888588	731.697327	0.652094
-122.480789	731.393188	0.653573
-122.07605	731.091125	0.655061
-121.674431	730.791321	0.656557
-121.275986	730.493591	0.658063
-120.880722	730.198059	0.659577
-120.488731	729.904724	0.6611
-120.100006	729.613647	0.662632
-119.714622	729.32489	0.664173
-119.316307	729.026245	0.66579
-118.901718	728.714966	0.667494
-118.490776	728.40625	0.669202
-118.083435	728.099976	0.670916
-117.679649	727.796021	0.672634
-117.27935	727.494446	0.674358
-116.88253	727.195129	0.676087
-116.489105	726.898132	0.677821
-116.099037	726.603394	0.67956
-115.712296	726.310913	0.681304
-115.328819	726.02063	0.683054
-114.919762	725.710632	0.684942
-114.50943	725.399353	0.686859
-114.102798	725.090637	0.688783
-113.699799	724.784302	0.690713
-113.300385	724.480347	0.69265
-112.904488	724.178894	0.694592
-112.512032	723.8797	0.696541
-112.122963	723.582703	0.698497
-111.737236	723.288025	0.700458
-111.35099	722.992737	0.702446
-110.940971	722.678894	0.704582
-110.53463	722.367493	0.706725
-110.131882	722.058594	0.708876
-109.732635	721.752014	0.711035
-109.336861	721.447876	0.713201
-108.944427	721.145935	0.715375
-108.555298	720.846313	0.717556
-108.16938	720.548828	0.719746
-107.78318	720.250854	0.721962
-107.376472	719.936707	0.724325
-106.97319	719.625	0.726696
-106.573189	719.31543	0.729077
-106.176445	719.008118	0.731466
-105.782791	718.702942	0.733865
-105.392174	718.399902	0.736272
-105.004517	718.098877	0.738689
-104.619675	717.799744	0.741115
-104.221329	717.489929	0.743655
-103.819809	717.177429	0.746243
-103.421158	716.86676	0.748842
-103.025253	716.558105	0.751452
-102.63195	716.251282	0.754072
-102.241173	715.946228	0.756702
-101.852791	715.642883	0.759343
-101.46669	715.341064	0.761995
-101.069473	715.030457	0.76475
-100.671089	714.71875	0.76754
-100.274818	714.408569	0.770342
-99.880524	714.099854	0.773156
-99.488083	713.792419	0.775981
-99.097374	713.486206	0.778819
-98.70826	713.181213	0.781668
-98.318588	712.875793	0.784544
-97.92202	712.564819	0.787494
-97.526718	712.254822	0.790457
-97.132545	711.94574	0.793433
-96.73938	711.637512	0.796421
-96.347061	711.329895	0.799423
-95.955467	711.022949	0.802437
-95.564438	710.716492	0.805464
-95.171211	710.408325	0.808525
-94.777573	710.099976	0.811605
-94.384087	709.791931	0.814698
-93.990631	709.48407	0.817805
-93.597061	709.176208	0.820925
-93.203224	708.868347	0.824058
-92.80896	708.560303	0.827205
-92.415871	708.253418	0.830353
-92.02417	707.947876	0.833497
-91.631638	707.641968	0.836654
-91.238152	707.33551	0.839826
-90.843582	707.028564	0.84301
-90.447769	706.720947	0.846209
-90.050583	706.412476	0.849421
-89.652344	706.103577	0.852643
-89.262802	705.801758	0.855795
-88.871582	705.499023	0.858961
-88.478531	705.19519	0.862139
-88.083549	704.890198	0.865331
-87.686493	704.584045	0.868536
-87.287224	704.276611	0.871754
-86.88562	703.967773	0.874986
-86.483261	703.658752	0.878212
-86.08326	703.351685	0.881362
-85.684402	703.045593	0.884438
-85.286697	702.740479	0.887444
-84.890099	702.43634	0.890383
-84.494606	702.133118	0.893259
-84.100166	701.83075	0.896075
-83.706818	701.529419	0.898835
-83.308205	701.224121	0.901586
-82.908592	700.918091	0.904301
-82.510017	700.612976	0.906968
-82.11245	700.308716	0.909592
-81.715919	700.005371	0.912176
-81.320351	699.70282	0.914725
-80.925781	699.401062	0.917241
-80.530388	699.098877	0.91974
-80.130371	698.793091	0.922249
-79.73127	698.488159	0.924737
-79.333076	698.184021	0.927208
-78.935799	697.880676	0.929665
-78.539406	697.578003	0.932113
-78.143845	697.276184	0.934555
-77.749138	696.974915	0.936996
-77.349861	696.670288	0.939473
-76.950523	696.365662	0.941963
-76.551987	696.061707	0.944463
-76.154228	695.758423	0.946979
-75.757217	695.45575	0.949514
-75.360939	695.153748	0.952073
-74.965347	694.852356	0.95466
-74.567421	694.549072	0.957299
-74.168091	694.244934	0.959989
-73.769432	693.941223	0.96272
-73.371391	693.638123	0.965497
-72.973991	693.335449	0.968325
-72.577156	693.033325	0.971207
-72.180885	692.731628	0.974148
-71.783485	692.429138	0.977166
-71.384361	692.125366	0.980269
-70.985764	691.822021	0.983446
-70.587646	691.519043	0.986701
-70.189972	691.216492	0.990038
-69.792725	690.914185	0.993463
-69.395905	690.612244	0.996979
-68.998581	690.309998	1.000599
-68.599846	690.006653	1.004337
-68.201424	689.703552	1.008182
-67.803337	689.400757	1.012138
-67.405533	689.098083	1.016209
-67.008026	688.795776	1.020401
-66.610741	688.49353	1.024717
-66.213303	688.191162	1.029167
-65.815025	687.888184	1.033764
-65.416924	687.585388	1.038499
-65.018982	687.282593	1.04338
-64.62117	686.979919	1.048408
-64.223457	686.677307	1.053591
-63.825809	686.374695	1.058931
-63.428181	686.072144	1.064434
-63.030476	685.769409	1.070107
-62.632782	685.466797	1.075951
-62.235058	685.16394	1.081972
-61.837292	684.861145	1.088175
-61.439472	684.558289	1.094563
-61.041523	684.255249	1.101142
-60.643768	683.952271	1.107912
-60.246708	683.649841	1.114866
-59.84948	683.347168	1.122023
-59.452068	683.044373	1.129388
-59.054443	682.741333	1.136966
-58.65659	682.438049	1.144761
-58.258476	682.13446	1.152777
-57.861103	681.831421	1.160999
-57.467487	681.531067	1.16942
-57.072517	681.229492	1.178168
-56.676289	680.926697	1.187232
-56.278847	680.622864	1.196604
-55.880272	680.317932	1.206274
-55.480652	680.012085	1.216234
-55.080303	679.705505	1.226467
-54.685879	679.403259	1.236791
-54.290615	679.100281	1.247367
-53.894608	678.796631	1.258187
-53.497917	678.49231	1.269243
-53.100605	678.187378	1.280526
-52.702744	677.881958	1.292027
-52.304394	677.57605	1.303738
-51.908085	677.271606	1.315575
-51.512215	676.967468	1.327578
-51.116055	676.663025	1.339762
-50.719677	676.358337	1.352118
-50.323154	676.053528	1.364638
-49.926552	675.748474	1.377313
-49.529922	675.443481	1.390134
-49.133125	675.138367	1.403101
-48.736141	674.833008	1.416208
-48.339355	674.527893	1.429436
-47.942764	674.2229	1.442777
-47.546513	673.918091	1.456223
-47.150635	673.613647	1.469765
-46.755165	673.309509	1.483394
-46.359821	673.005554	1.497117
-45.961189	672.699036	1.511045
-45.563183	672.393127	1.525037
-45.165916	672.087769	1.539083
-44.769432	671.783081	1.553175
-44.373787	671.479126	1.567303
-43.97908	671.176025	1.58146
-43.58535	670.873718	1.595636
-43.185753	670.567017	1.610073
-42.786095	670.260376	1.624556
-42.387684	669.954834	1.639031
-41.990593	669.650452	1.653489
-41.594883	669.347168	1.667921
-41.200645	669.045288	1.682317
-40.80793	668.74469	1.696668
-40.407608	668.438416	1.7113
-40.005997	668.131409	1.725978
-39.606251	667.825989	1.740577
-39.208416	667.522278	1.755087
-38.812626	667.220276	1.769499
-38.418926	666.920227	1.783801
-38.027412	666.622009	1.797984
-37.623642	666.314758	1.812561
-37.220089	666.007935	1.827067
-36.819218	665.703491	1.841409
-36.421055	665.401489	1.855575
-36.025711	665.101868	1.869554
-35.63327	664.80481	1.883334
-35.237968	664.505981	1.897105
-34.829823	664.197876	1.911198
-34.425213	663.892944	1.925028
-34.024277	663.591248	1.938582
-33.627079	663.292725	1.951846
-33.233749	662.997742	1.964807
-32.843807	662.70575	1.977469
-32.430721	662.397095	1.990662
-32.022449	662.092651	2.003457
-31.619101	661.792542	2.015837
-31.220879	661.497009	2.027784
-30.827841	661.205994	2.039284
-30.434921	660.915894	2.050467
-30.025068	660.614441	2.061889
-29.618221	660.316223	2.073032
-29.214413	660.021362	2.083903
-28.813643	659.729858	2.094506
-28.415947	659.44165	2.104849
-28.006542	659.145935	2.115314
-27.595409	658.850159	2.125638
-27.187763	658.5578	2.135695
-26.783573	658.269043	2.145495
-26.3829	657.983765	2.155044
-25.974131	657.693665	2.164619
-25.559765	657.400635	2.174157
-25.149345	657.111206	2.183442
-24.74291	656.825684	2.192483
-24.340448	656.543762	2.201288
-23.928232	656.255737	2.210161
-23.512011	655.965942	2.218975
-23.100351	655.680054	2.227556
-22.693222	655.398132	2.235914
-22.290722	655.120056	2.24406
-21.870508	654.830444	2.252446
-21.454393	654.544373	2.260638
-21.043535	654.262512	2.268629
-20.637949	653.984741	2.276428
-20.224102	653.701843	2.284306
-19.804716	653.415588	2.292217
-19.391436	653.133911	2.299955
-18.984297	652.856689	2.307535
-18.572704	652.576599	2.315166
-18.151846	652.290405	2.322953
-17.738125	652.008972	2.330611
-17.331581	651.732422	2.338156
-16.917734	651.450623	2.345879
-16.498075	651.164612	2.353778
-16.086836	650.883789	2.361611
-15.684062	650.608093	2.3694
-15.263124	650.319153	2.377699
-14.848672	650.033569	2.386067
-14.444297	649.753601	2.394464
-14.033066	649.467346	2.403286
-13.617832	649.17627	2.412546
-13.214687	648.891479	2.421937
-12.785175	648.585449	2.432404
-12.358222	648.280762	2.442908
-12.000156	648.025085	2.451764
-11.560137	647.710327	2.462795
-11.164902	647.425659	2.473142
-10.784238	647.143005	2.484901
-10.412539	646.846497	2.500393
-10.032578	646.545166	2.515678
-9.648086	646.245178	2.530102
-9.237637	645.928162	2.544845
-8.861054	645.639099	2.557994
-8.476563	645.345276	2.571158
-8.035664	645.009583	2.58601
-7.671074	644.732788	2.598138
-7.296855	644.449158	2.610469
-6.890137	644.141541	2.623757
-6.449394	643.808716	2.638044
-6.050352	643.507751	2.650909
-5.668222	643.219604	2.663224
-5.27416	642.922485	2.675922
-4.86834	642.616516	2.689
-4.450898	642.301758	2.70245
-4.045293	641.996033	2.715519
-3.66373	641.708435	2.727815
-3.273769	641.414429	2.740379
-2.875566	641.114319	2.75321
-2.46918	640.808044	2.766304
-2.054707	640.495605	2.779656
-1.647129	640.188416	2.792789
-1.263516	639.899292	2.805148
-0.873789	639.60553	2.817705
-0.477949	639.30719	2.830458
-0.076172	639.004395	2.843404
0.331543	638.697083	2.856539
0.745039	638.385437	2.869862
1.145215	638.083801	2.882755
1.532012	637.792236	2.895217
1.923437	637.497253	2.907829
2.319395	637.198792	2.920587
2.719941	636.896851	2.933492
3.124922	636.591614	2.94654
3.534238	636.28302	2.959728
3.946855	635.972046	2.973023
4.333691	635.680359	2.985487
4.724141	635.386047	2.998068
5.118125	635.088989	3.010763
5.515645	634.789307	3.023571
5.916621	634.487	3.036491
6.320957	634.18219	3.04952
6.728691	633.874695	3.062658
7.139688	633.564819	3.075902
7.529277	633.271057	3.088456
7.920664	632.975952	3.101068
8.314824	632.67865	3.11377
8.711719	632.379333	3.126561
9.111347	632.077942	3.139438
9.513633	631.774536	3.152402
9.918515	631.469177	3.16545
10.325976	631.161804	3.178581
10.728496	630.858215	3.191553
11.119648	630.563171	3.204159
11.513027	630.266418	3.216837
11.908574	629.968018	3.229586
12.30627	629.667969	3.242403
12.706035	629.366333	3.255289
13.10791	629.063049	3.268241
13.511816	628.758301	3.281259
13.917714	628.452026	3.294343
14.320683	628.147888	3.307331
14.713027	627.851807	3.319978
15.107109	627.554382	3.332681
15.50291	627.255615	3.345439
15.90041	626.955627	3.358253
16.299511	626.654358	3.371118
16.700274	626.351807	3.384037
17.102577	626.048096	3.397007
17.506464	625.743164	3.410027
17.911875	625.437073	3.423097
18.307461	625.138367	3.435851
18.701757	624.840637	3.448563
19.097363	624.54187	3.461317
19.494276	624.242065	3.474116
19.892481	623.941284	3.486955
20.291933	623.639648	3.499834
20.692617	623.336975	3.512754
21.094511	623.033386	3.525713
21.497559	622.728882	3.538709
21.901758	622.423523	3.551743
22.296211	622.125488	3.564463
22.691601	621.826721	3.577214
23.088026	621.527161	3.589998
23.485409	621.226807	3.602814
23.883768	620.925781	3.615661
24.283047	620.623962	3.628538
24.683241	620.321472	3.641445
25.084316	620.018311	3.654381
25.48621	619.714417	3.667344
25.888964	619.409973	3.680334
26.267206	619.123962	3.692535
26.647753	618.836182	3.70481
27.033028	618.5448	3.717238
27.422987	618.249878	3.729818
27.817499	617.951538	3.742545
28.216503	617.649719	3.755417
28.619864	617.344604	3.76843
29.0275	617.036133	3.781581
29.439297	616.724609	3.794868
29.855215	616.409912	3.808286
30.273769	616.093201	3.821791
30.656601	615.803528	3.834143
31.042538	615.511475	3.846595
31.431503	615.217102	3.859146
31.823418	614.920471	3.871792
32.218243	614.621643	3.884532
32.615818	614.32074	3.897362
33.016232	614.017639	3.910282
33.419277	613.712524	3.923288
33.824902	613.405518	3.936377
34.233067	613.096497	3.949549
34.643711	612.785583	3.9628
35.056717	612.472961	3.976128
35.444962	612.179016	3.988658
35.835018	611.883667	4.001246
36.226971	611.586914	4.013895
36.620762	611.288757	4.026603
37.016308	610.989258	4.039369
37.413593	610.688416	4.052191
37.812595	610.386292	4.065067
38.213203	610.082947	4.077996
38.61533	609.778442	4.090974
39.018944	609.472778	4.104001
39.424004	609.166016	4.117074
39.830448	608.858215	4.130191
40.236423	608.550781	4.143293
40.629276	608.253235	4.155974
41.023262	607.954834	4.168689
41.41832	607.65564	4.18144
41.814354	607.355713	4.194222
42.211388	607.054993	4.207036
42.609276	606.753662	4.219879
43.008026	606.451599	4.232749
43.407558	606.148987	4.245645
43.807869	605.845764	4.258565
44.208885	605.542114	4.271508
44.610508	605.237854	4.284472
45.012753	604.933167	4.297454
45.415527	604.628052	4.310455
45.814335	604.325989	4.323328
46.211697	604.024963	4.336153
46.609413	603.723755	4.34899
47.007481	603.42218	4.361838
47.405762	603.120483	4.374695
47.804356	602.818604	4.387559
48.203064	602.516541	4.40043
48.601933	602.214417	4.413303
49.000839	601.912231	4.42618
49.399803	601.609985	4.439057
49.798729	601.3078	4.451933
50.197598	601.005676	4.464808
50.596348	600.703552	4.477678
50.995136	600.40155	4.490551
51.396465	600.097473	4.503504
51.79752	599.793762	4.516449
52.1982	599.490173	4.529384
52.598591	599.18689	4.542305
52.998493	598.883972	4.555214
53.397949	598.58136	4.568107
53.796833	598.279236	4.580983
54.195175	597.977417	4.59384
54.592888	597.676208	4.606677
54.989902	597.375427	4.619492
55.386211	597.075195	4.632284
55.781738	596.775635	4.64505
56.176426	596.476624	4.657789
56.577148	596.173096	4.670723
56.982403	595.86615	4.683805
57.386658	595.559937	4.696853
57.789822	595.254578	4.709865
58.191776	594.950073	4.722839
58.592537	594.646545	4.735775
58.99205	594.343994	4.748668
59.390213	594.042358	4.761519
59.786991	593.741882	4.774327
60.182323	593.442383	4.787086
60.576191	593.144104	4.799798
60.968494	592.846985	4.81246
61.359177	592.551086	4.825069
61.758476	592.248657	4.837956
62.168533	591.93811	4.851192
62.576618	591.629028	4.864362
62.982674	591.321533	4.877467
63.386543	591.015686	4.890501
63.788261	590.711487	4.903466
64.187714	590.408997	4.916358
64.584839	590.108276	4.929175
64.979568	589.809387	4.941914
65.371857	589.512329	4.954574
65.761642	589.217224	4.967152
66.148827	588.924072	4.979648
66.53582	588.631104	4.992137
66.952675	588.31543	5.005589
67.366211	588.00238	5.018934
67.776306	587.691956	5.032167
68.182945	587.384094	5.04529
68.585953	587.079041	5.058295
68.985291	586.776733	5.071181
69.380875	586.477356	5.083945
69.772636	586.180786	5.096586
70.160446	585.887329	5.109099
70.544258	585.596863	5.121483
70.923965	585.309509	5.133734
71.33699	584.996948	5.14706
71.758003	584.678406	5.160644
72.173378	584.364197	5.174045
72.58297	584.05426	5.187258
72.986618	583.748962	5.200281
73.384254	583.448181	5.213108
73.775703	583.1521	5.225736
74.160858	582.86084	5.23816
74.539604	582.574463	5.250377
74.911858	582.29303	5.262383
75.327736	581.978577	5.275797
75.750587	581.658875	5.289435
76.164917	581.345764	5.302798
76.5709	581.038879	5.31589
76.968727	580.73822	5.328721
77.358627	580.443604	5.341295
77.740761	580.154846	5.353618
78.115372	579.871765	5.365695
78.50383	579.578308	5.378222
78.927963	579.257874	5.391898
79.342438	578.944885	5.405261
79.747498	578.638977	5.41832
80.143478	578.339966	5.431086
80.530685	578.047546	5.443569
80.909454	577.761658	5.455779
81.290817	577.473755	5.468071
81.712364	577.15564	5.481659
82.123825	576.845154	5.494919
82.525681	576.541931	5.507871
82.918457	576.245605	5.520528
83.302597	575.955933	5.532907
83.680779	575.670715	5.545094
84.097755	575.356323	5.558527
84.505661	575.048828	5.571671
84.905273	574.74762	5.584543
85.297264	574.452271	5.597171
85.682404	574.162048	5.609578
86.08197	573.861084	5.622446
86.487457	573.555603	5.635508
86.887573	573.254333	5.648392
87.28318	572.956482	5.661132
87.675217	572.661316	5.673756
88.072166	572.362549	5.686538
88.471382	572.062073	5.699393
88.869881	571.762146	5.712222
89.268555	571.462158	5.725059
89.66851	571.161133	5.737936
90.061264	570.865662	5.75058
90.454979	570.569458	5.763255
90.852592	570.270264	5.776058
91.255249	569.967346	5.78902
91.663712	569.659973	5.802171
92.051071	569.368408	5.814644
92.439552	569.076111	5.82715
92.83519	568.778381	5.83989
93.23877	568.474609	5.852884
93.651031	568.164368	5.866159
94.05146	567.862915	5.879053
94.431541	567.576782	5.891291
94.819901	567.284363	5.9038
95.217186	566.985229	5.916593
95.623749	566.679077	5.929688
96.040192	566.365479	5.943099
96.449059	566.057495	5.956268
96.823746	565.775208	5.968338
97.206818	565.486633	5.980676
97.598457	565.191528	5.993292
97.999001	564.889771	6.006196
98.408806	564.580933	6.019397
98.828178	564.264893	6.032907
99.248146	563.948364	6.046438
99.625679	563.663696	6.058601
100.009666	563.374084	6.070976
100.400078	563.079529	6.083558
100.796577	562.780273	6.096338
101.199059	562.476379	6.109314
101.607361	562.16803	6.122478
102.021286	561.855408	6.135826
102.440704	561.538452	6.149351
102.828178	561.245544	6.161846
103.214706	560.953369	6.174313
103.60527	560.658081	6.18691
103.999825	560.359741	6.199636
104.398064	560.058533	6.212483
104.800018	559.754456	6.22545
105.205528	559.447693	6.238532
105.614433	559.138367	6.251724
106.02668	558.826416	6.265024
106.422638	558.526794	6.277802
106.812592	558.231628	6.290384
107.205093	557.934509	6.303048
107.600014	557.63562	6.315792
107.997261	557.3349	6.328611
108.396812	557.032471	6.341503
108.798454	556.728333	6.354464
109.202164	556.422791	6.367491
109.607773	556.115723	6.380581
110.015228	555.80719	6.39373
110.410545	555.507935	6.406486
110.804512	555.209656	6.4192
111.199921	554.910278	6.43196
111.596695	554.609924	6.444764
111.994667	554.308594	6.457607
112.393806	554.00647	6.470487
112.793983	553.703491	6.4834
113.195137	553.399841	6.496345
113.59713	553.09552	6.509317
113.999901	552.79071	6.522314
114.399742	552.488037	6.535216
114.797226	552.187256	6.54804
115.19519	551.886047	6.560883
115.593552	551.584534	6.573736
115.992325	551.282837	6.586601
116.391266	550.981018	6.599473
116.790367	550.679077	6.612349
117.18959	550.377075	6.625227
117.588745	550.075134	6.638104
117.987846	549.773315	6.650978
118.387085	549.471375	6.663856
118.788574	549.167786	6.676808
119.189819	548.864502	6.689748
119.590561	548.561523	6.702673
119.990761	548.259033	6.71558
120.39035	547.957092	6.728466
120.789154	547.655762	6.741327
121.187241	547.355042	6.754162
121.584435	547.055054	6.766969
121.980583	546.755859	6.779742
122.375717	546.457581	6.792481
122.779236	546.152954	6.805488
123.184586	545.847046	6.818553
123.588493	545.542297	6.831573
123.990936	545.238647	6.844542
124.391754	544.936401	6.857458
124.790878	544.635437	6.870318
125.188141	544.335999	6.883119
125.583534	544.038025	6.895857
125.976929	543.741638	6.908529
126.368179	543.44696	6.921132
126.773842	543.141602	6.934196
127.183861	542.832947	6.947397
127.591133	542.52655	6.960511
127.995644	542.222351	6.973533
128.397217	541.920349	6.986459
128.795761	541.620911	6.999285
129.191132	541.323914	7.012008
129.583252	541.029419	7.024624
129.972015	540.737671	7.03713
130.365799	540.442261	7.049795
130.783264	540.129272	7.063219
131.196243	539.819763	7.076497
131.60463	539.513977	7.089622
132.008179	539.211853	7.102592
132.406845	538.913757	7.115399
132.800446	538.619507	7.128041
133.188812	538.329529	7.140512
133.571762	538.04364	7.152805
133.979828	537.73938	7.165901
134.402786	537.424255	7.179471
134.818176	537.115173	7.192791
135.225677	536.812195	7.205855
135.625137	536.515625	7.218654
136.016281	536.225525	7.231182
136.39888	535.942139	7.243429
136.772797	535.665588	7.255393
137.198105	535.351685	7.268993
137.61525	535.044373	7.28232
138.024124	534.743896	7.295374
138.424881	534.450012	7.308156
138.817764	534.162659	7.320679
139.202866	533.881531	7.332945
139.605881	533.588135	7.345767
140.027786	533.281677	7.359178
140.440384	532.982849	7.372283
140.844025	532.691345	7.385091
141.238998	532.406799	7.39761
141.625626	532.12915	7.409852
142.042587	531.830444	7.423044
142.461349	531.531372	7.436277
142.870499	531.240173	7.449193
143.270432	530.956238	7.461805
143.66156	530.679443	7.474126
144.077576	530.385925	7.487219
144.495712	530.091797	7.500362
144.904526	529.805054	7.5132
145.304611	529.52533	7.525751
145.705643	529.245667	7.538319
146.126495	528.952942	7.551498
146.539154	528.666565	7.564406
146.944214	528.386169	7.577071
147.346283	528.108276	7.589633
147.764587	527.819519	7.602695
148.177032	527.535156	7.615569
148.584579	527.254333	7.628287
148.991806	526.973755	7.640998
149.404984	526.688965	7.653892
149.815842	526.405457	7.66672
150.225601	526.122253	7.67952
150.633865	525.839417	7.692283
151.042007	525.555908	7.705054
151.452042	525.270203	7.717898
151.865021	524.981445	7.730848
152.267807	524.698608	7.743497
152.672012	524.413574	7.75621
153.08165	524.123413	7.769112
153.497559	523.827393	7.782234
153.892944	523.544617	7.794731
154.292587	523.257324	7.807383
154.699905	522.963196	7.8203
155.115524	522.661499	7.833504
155.533493	522.356689	7.846971
155.943298	522.057312	7.860819
156.345596	521.762634	7.87505
156.740952	521.472473	7.889631
157.141464	521.177856	7.904984
157.549118	520.877319	7.921176
157.95076	520.580505	7.937654
158.347046	520.287048	7.954377
158.746506	519.990479	7.971647
159.150055	519.690247	7.989461
159.550049	519.392029	8.007413
159.947159	519.095276	8.025456
160.346191	518.796631	8.043735
160.745834	518.496887	8.062112
161.144867	518.197083	8.080448
161.544006	517.896729	8.098698
161.94017	517.598267	8.116635
162.337433	517.298462	8.134376
162.737091	516.996643	8.151896
163.138641	516.693054	8.169099
163.530487	516.396545	8.185442
163.926727	516.096558	8.201457
164.327866	515.792786	8.217104
164.731339	515.487122	8.232226
165.120178	515.192505	8.24618
165.515213	514.893188	8.259704
165.916931	514.588867	8.272763
166.325912	514.279114	8.285329
166.712601	513.986267	8.296519
167.104706	513.689453	8.307181
167.504318	513.387085	8.317337
167.912003	513.078796	8.326961
168.312836	512.775879	8.335707
168.699234	512.48407	8.343475
169.093369	512.186523	8.350739
169.495529	511.883118	8.35748
169.906113	511.573669	8.363677
170.307434	511.271362	8.369083
170.692719	510.981384	8.373685
171.085556	510.685852	8.377796
171.486221	510.384766	8.381406
171.894974	510.077728	8.384499
172.312042	509.76474	8.387058
172.703842	509.470856	8.388869
173.096741	509.176117	8.390041
173.49408	508.878113	8.390613
173.895844	508.576721	8.390603
174.301971	508.272095	8.390033
174.712326	507.964233	8.388922
175.105286	507.669525	8.387389
175.498611	507.374451	8.385423
175.895676	507.07663	8.383032
176.29631	506.776123	8.380231
176.700485	506.472931	8.377037
177.108139	506.167175	8.373467
177.509552	505.865997	8.369635
177.902313	505.571442	8.365602
178.298096	505.274567	8.361275
178.696884	504.975464	8.356668
179.098602	504.674133	8.351796
179.50322	504.370605	8.346672
179.910645	504.065002	8.341312
180.308258	503.766754	8.335904
180.702362	503.47113	8.330386
181.099075	503.173584	8.324689
181.498184	502.874207	8.318828
181.899704	502.572968	8.312812
182.30368	502.269989	8.306658
182.710022	501.96521	8.300373
183.109161	501.665802	8.294122
183.503845	501.369751	8.287877
183.900604	501.072174	8.281548
184.299393	500.77301	8.275144
184.700211	500.472321	8.268677
185.103027	500.170227	8.262159
185.507782	499.866638	8.2556
185.911621	499.56369	8.249057
186.306305	499.267639	8.242673
186.702744	498.970215	8.23628
187.100906	498.6716	8.22989
187.500717	498.371704	8.223512
187.902161	498.070587	8.217155
188.305283	497.768188	8.210831
188.709976	497.4646	8.20455
189.109619	497.164825	8.198419
189.505569	496.867798	8.192425
189.90303	496.569672	8.186499
190.301849	496.270538	8.180648
190.702042	495.970337	8.174883
191.103577	495.669128	8.169211
191.506424	495.366943	8.163644
191.910568	495.063812	8.158189
192.309158	494.764862	8.152945
192.706024	494.467163	8.147862
193.104004	494.168671	8.142914
193.503098	493.869293	8.138106
193.90329	493.569061	8.133449
194.30455	493.268036	8.12895
194.706924	492.966187	8.124617
195.110291	492.663666	8.120459
195.509659	492.364105	8.116533
195.906967	492.066071	8.112821
196.305206	491.767334	8.109302
196.704391	491.467865	8.105981
197.104431	491.167816	8.10287
197.505371	490.867096	8.099975
197.907089	490.565765	8.097302
198.309662	490.263733	8.094863
198.710403	489.963196	8.092677
199.108185	489.664795	8.090753
199.506653	489.365845	8.089076
199.905792	489.066406	8.087653
200.305634	488.766479	8.086495
200.706223	488.466003	8.085607
201.107361	488.1651	8.084996
201.509079	487.863739	8.084671
201.909943	487.56311	8.08464
202.289352	487.278412	8.08482
202.674393	486.989563	8.085156
203.064865	486.696625	8.085643
203.460602	486.399689	8.086279
203.861496	486.098816	8.087061
204.267365	485.794281	8.087988
204.678055	485.486084	8.089055
205.093445	485.174286	8.090261
205.508881	484.862518	8.091589
205.895126	484.572632	8.092926
206.284897	484.28006	8.094373
206.677979	483.984985	8.095924
207.074356	483.6875	8.097581
207.473801	483.387634	8.09934
207.876266	483.085449	8.101201
208.281662	482.781158	8.103159
208.689774	482.474823	8.105214
209.100449	482.166504	8.107363
209.506577	481.861633	8.109565
209.898682	481.567169	8.111762
210.292831	481.271271	8.114038
210.688995	480.973846	8.11639
211.086853	480.67514	8.118817
211.486496	480.375061	8.12132
211.887787	480.073822	8.123894
212.290558	479.771393	8.126538
212.694748	479.467926	8.129251
213.100327	479.163422	8.13203
213.50705	478.858002	8.134875
213.90451	478.559601	8.137709
214.301926	478.261169	8.140594
214.700165	477.962189	8.143535
215.099228	477.662537	8.146532
215.498917	477.362457	8.149582
215.8992	477.061859	8.152685
216.300018	476.760925	8.155838
216.701187	476.459717	8.159041
217.102753	476.158234	8.162292
217.504501	475.856628	8.165587
217.906189	475.554962	8.168927
218.307632	475.253571	8.172306
218.708847	474.952332	8.175726
219.110016	474.651154	8.179187
219.51088	474.35022	8.182685
219.911499	474.049438	8.186219
220.311539	473.749084	8.189789
220.711151	473.449066	8.193392
221.110168	473.149506	8.197027
221.508453	472.850525	8.200693
221.905914	472.552185	8.204387
222.307556	472.25061	8.208157
222.713409	471.946014	8.212002
223.118057	471.642242	8.215873
223.521576	471.339417	8.219768
223.923691	471.037567	8.223684
224.324356	470.736816	8.227621
224.723526	470.437256	8.231577
225.120987	470.138885	8.235549
225.516739	469.841858	8.239537
225.910645	469.546265	8.243539
226.30365	469.251343	8.247563
226.715485	468.942322	8.251815
227.124939	468.635071	8.256075
227.531815	468.329742	8.260343
227.936111	468.026459	8.264617
228.337677	467.725189	8.268894
228.736298	467.426086	8.273173
229.13205	467.129242	8.277452
229.524582	466.834747	8.281729
229.913879	466.542816	8.286001
230.305801	466.248871	8.290331
230.723694	465.935425	8.294986
231.13736	465.625183	8.299627
231.546616	465.318298	8.304254
231.951263	465.014954	8.308862
232.351074	464.715149	8.313452
232.746033	464.419037	8.318017
233.136032	464.126801	8.322558
233.520721	463.838501	8.327071
233.906387	463.549438	8.331629
234.332977	463.229828	8.336709
234.752045	462.915863	8.341743
235.163452	462.607635	8.346725
235.566971	462.30545	8.351653
235.962357	462.009369	8.356522
236.349396	461.719635	8.361328
236.727783	461.436401	8.366069
237.113571	461.147675	8.370945
237.550873	460.820526	8.376528
237.974304	460.503845	8.381993
238.383408	460.197998	8.387335
238.777863	459.903198	8.392545
239.157272	459.619751	8.397619
239.521103	459.348083	8.402548
239.939392	459.035706	8.408372
240.366348	458.716003	8.414698
240.771973	458.411469	8.421114
241.156967	458.121643	8.427616
241.521805	457.84613	8.434197
241.936966	457.531677	8.442243
242.356857	457.212402	8.451082
242.746063	456.915222	8.46002
243.10611	456.639221	8.469038
243.530792	456.312012	8.480803
243.928955	456.003632	8.493204
244.283096	455.727722	8.505658
244.711258	455.392181	8.523095
245.07048	455.109039	8.540497
245.481812	454.784088	8.56503
245.869553	454.48172	8.594973
246.260956	454.197876	8.633189
246.677521	453.947968	8.671131
247.110641	453.722168	8.695535
247.57373	453.487061	8.710468
248.029465	453.271698	8.720412
248.493454	453.082947	8.727808
248.965408	452.923035	8.732651
249.446106	452.793579	8.73503
249.934937	452.69632	8.735147
250.430176	452.632324	8.733409
250.929474	452.601288	8.730508
251.430099	452.600861	8.727509
251.930252	452.625763	8.725952
252.428528	452.667358	8.728005
252.922394	452.730377	8.735735
253.403458	452.869202	8.74845
253.847046	453.093506	8.7651
254.24791	453.390381	8.783312
254.614822	453.728394	8.799918
254.970444	454.078583	8.812582
255.330399	454.427917	8.820101
255.671768	454.792816	8.822784
255.985794	455.178833	8.822522
256.27713	455.5867	8.821956
256.547333	456.001953	8.822784
256.80838	456.427032	8.825553
257.063202	456.856171	8.830226
257.321381	457.298431	8.836576
257.571381	457.727539	8.843383
257.819	458.158051	8.850766
258.062408	458.590851	8.858631
258.300476	459.026642	8.866812
258.53479	459.467255	8.875196
258.769012	459.918335	8.883794
258.990021	460.352325	8.892023
259.214081	460.798981	8.900428
259.436859	461.248779	8.908813
259.654388	461.692261	8.917006
259.873566	462.143036	8.925258
260.091919	462.595001	8.93346
260.303833	463.036255	8.941401
260.528656	463.506592	8.949803
260.730804	463.931976	8.957274
260.942291	464.380157	8.964939
261.166504	464.85788	8.972937
261.373108	465.299835	8.980219
261.580017	465.744202	8.987455
261.794403	466.205841	8.994905
262.012909	466.677521	9.002463
262.215912	467.116669	9.009464
262.423553	467.566589	9.016614
262.635559	468.026642	9.02391
262.851532	468.49585	9.031343
263.055786	468.940155	9.03838
263.262787	469.3909	9.045527
263.47229	469.847412	9.052779
263.684052	470.30896	9.060131
263.892853	470.764679	9.067413
264.099854	471.216461	9.074662
264.308075	471.67099	9.081991
264.517151	472.127716	9.089395
264.726898	472.585876	9.096868
264.935272	473.041046	9.104343
265.143738	473.496399	9.111878
265.35202	473.951324	9.11947
265.559906	474.405365	9.127114
265.768646	474.861053	9.134863
265.979034	475.320404	9.142757
266.188263	475.776794	9.150693
266.395966	476.229584	9.158666
266.601746	476.678101	9.166671
266.814117	477.140533	9.175046
267.025787	477.601074	9.183524
267.234497	478.054565	9.192021
267.439911	478.500427	9.200535
267.650787	478.957489	9.209446
267.866119	479.423431	9.218744
268.076294	479.877319	9.228042
268.280914	480.318359	9.237331
268.494659	480.777679	9.24732
268.712891	481.245422	9.257876
268.922241	481.692169	9.268394
269.123993	482.120941	9.278976
269.342499	482.584991	9.291121
269.554474	483.036682	9.303686
269.760834	483.477417	9.316669
269.977783	483.941772	9.331133
270.188141	484.392914	9.345955
270.396057	484.839355	9.361374
270.610626	485.300079	9.378066
270.818695	485.747101	9.395001
271.031036	486.202362	9.412982
271.24295	486.655731	9.431585
271.452759	487.102722	9.450565
271.668213	487.559662	9.470552
271.878693	488.002655	9.490415
272.097992	488.459991	9.511318
272.313293	488.903809	9.531854
272.535706	489.356232	9.552878
272.756958	489.798615	9.573339
272.985352	490.246643	9.593735
273.214233	490.685913	9.613172
273.450714	491.128906	9.631931
273.68985	491.565155	9.64929
273.935608	492.000763	9.665226
274.187439	492.435059	9.679448
274.437134	492.869202	9.692182
274.684082	493.304535	9.70363
274.928375	493.737579	9.713799
275.176331	494.175781	9.722931
275.42392	494.606934	9.730874
275.678619	495.038177	9.737891
275.942383	495.465302	9.744046
276.216034	495.881012	9.749427
276.506531	496.285461	9.754285
276.822113	496.676514	9.758907
277.164551	497.040649	9.763565
277.540161	497.36795	9.768696
277.953064	497.645538	9.774806
278.40625	497.861176	9.782396
278.881409	498.008362	9.789821
279.373962	498.083771	9.796334
279.872711	498.086395	9.80202
280.369049	498.026001	9.807126
280.856567	497.917877	9.811926
281.332642	497.77713	9.816657
281.802399	497.614105	9.821546
282.270599	497.435699	9.826748
282.738953	497.247437	9.832351
283.194458	497.059601	9.83822
283.658691	496.866516	9.844639
284.119629	496.67569	9.85145
284.58197	496.484436	9.858673
285.042969	496.284332	9.866079
285.495392	496.078979	9.873502
285.95047	495.864471	9.881102
286.397552	495.647247	9.888678
286.846588	495.423492	9.896381
287.291412	495.197021	9.904092
287.734558	494.967438	9.911837
288.180023	494.733276	9.919676
288.617432	494.500549	9.927419
289.063812	494.260773	9.935352
289.498016	494.025726	9.943098
289.938446	493.785858	9.950972
290.378601	493.545074	9.958856
290.813477	493.306396	9.966653
291.256134	493.062958	9.974591
291.69104	492.823608	9.982387
292.128021	492.583069	9.990217
292.572357	492.338776	9.998166
293.004608	492.101563	10.005888
293.443359	491.861267	10.013709
293.887268	491.618988	10.021604
294.320953	491.383148	10.029294
294.761108	491.144745	10.037076
295.206726	490.904602	10.04493
295.64563	490.670563	10.052638
296.087952	490.437958	10.060384
296.534027	490.205963	10.068172
296.975098	489.979065	10.075857
297.419861	489.751984	10.083593
297.868835	489.524292	10.09139
298.312042	489.300629	10.099079
298.75705	489.076721	10.106794
299.206696	488.850922	10.114587
299.652557	488.626953	10.122313
300.095764	488.404144	10.129997
300.543915	488.178192	10.13777
300.993988	487.95047	10.145582
301.433502	487.726929	10.15322
301.877899	487.499664	10.160951
302.327362	487.268127	10.168783
302.768768	487.039093	10.176486
303.207458	486.809509	10.184156
303.651154	486.575287	10.191931
304.100006	486.33609	10.199812
304.53241	486.103241	10.20742
304.968445	485.865997	10.215113
305.409515	485.623596	10.222911
305.854218	485.376312	10.230796
306.280945	485.136475	10.238379
306.712433	484.891205	10.246069
307.148804	484.640259	10.253868
307.590118	484.383545	10.261777
308.011993	484.135223	10.269358
308.437134	483.882141	10.277019
308.866882	483.623322	10.284785
309.301422	483.358582	10.292661
309.725006	483.097504	10.300361
310.14209	482.837494	10.307963
310.563599	482.571777	10.31567
310.989502	482.300293	10.323479
311.420013	482.022736	10.331394
311.829071	481.756226	10.338937
312.24118	481.485443	10.346554
312.657898	481.209351	10.35427
313.07901	480.928192	10.362084
313.504547	480.641968	10.369997
313.909454	480.367828	10.377539
314.31781	480.0896	10.385158
314.729614	479.807404	10.392854
315.14505	479.521149	10.400628
315.563904	479.231079	10.408479
315.971191	478.947601	10.416121
316.375763	478.664764	10.423721
316.783203	478.378754	10.431387
317.193451	478.089508	10.439113
317.606445	477.797333	10.446898
318.018921	477.504608	10.454679
318.420319	477.218658	10.46226
318.824066	476.930237	10.469893
319.230011	476.639374	10.477573
319.638245	476.346069	10.485301
320.048645	476.050537	10.493076
320.455322	475.757019	10.500786
320.856171	475.466949	10.508392
321.258911	475.175079	10.516034
321.663513	474.881226	10.523718
322.069855	474.585693	10.531437
322.477753	474.288513	10.53919
322.882385	473.993256	10.546885
323.282867	473.700684	10.554502
323.684784	473.406708	10.562153
324.088135	473.111359	10.569831
324.492828	472.814758	10.577537
324.898712	472.516968	10.585268
325.303223	472.220093	10.592974
325.703735	471.925934	10.600604
326.105255	471.630859	10.608256
326.507874	471.334839	10.61593
326.911407	471.038025	10.623624
327.31604	470.740417	10.631336
327.720856	470.442566	10.639055
328.121857	470.147552	10.646699
328.523499	469.852112	10.654358
328.925995	469.556091	10.662031
329.329132	469.259613	10.669715
329.73288	468.962799	10.677412
330.137329	468.66568	10.68512
330.539978	468.370056	10.692794
330.942505	468.074677	10.700463
331.345459	467.779144	10.708139
331.748901	467.483582	10.715824
332.152649	467.187988	10.723513
332.556702	466.892487	10.731205
332.960846	466.59726	10.738896
333.364929	466.30246	10.746583
333.769135	466.007874	10.754272
334.173523	465.713593	10.761959
334.577972	465.419678	10.769646
334.982422	465.126251	10.77733
335.38562	464.834198	10.784986
335.760468	464.562866	10.792105
336.14624	464.283569	10.79943
336.54248	463.996582	10.806952
336.948578	463.702454	10.814668
337.36438	463.401245	10.822564
337.789124	463.093414	10.830634
338.220215	462.780914	10.838824
338.606384	462.500977	10.846163
338.998657	462.216644	10.853616
339.396393	461.928101	10.861176
339.799591	461.635681	10.868837
340.207886	461.3396	10.876596
340.620789	461.039978	10.884445
341.038116	460.737183	10.892379
341.457947	460.432495	10.90036
341.853119	460.145691	10.907872
342.251251	459.85672	10.915442
342.652252	459.565552	10.923065
343.055786	459.272583	10.930737
343.461639	458.977875	10.938453
343.869537	458.681641	10.946211
344.279358	458.383942	10.954003
344.690613	458.085144	10.961824
345.098511	457.788818	10.969584
345.501709	457.49585	10.977252
345.905945	457.202087	10.984938
346.310455	456.908051	10.992633
346.715546	456.613586	11.000338
347.120605	456.319061	11.008044
347.525696	456.024536	11.015751
347.930389	455.730225	11.02345
348.334686	455.436249	11.03114
348.742889	455.139282	11.038907
349.15274	454.841156	11.046704
349.56131	454.543732	11.054479
349.968353	454.247559	11.062223
350.373657	453.952515	11.069937
350.776947	453.658966	11.077611
351.177948	453.366943	11.085244
351.57663	453.07666	11.092831
351.972504	452.7883	11.100365
352.391174	452.483307	11.108334
352.806702	452.180603	11.116243
353.218201	451.880646	11.124077
353.62561	451.583649	11.131832
354.028442	451.289978	11.139501
354.426392	450.999756	11.147079
354.819275	450.713104	11.154559
355.206787	450.430389	11.161939
355.631012	450.120758	11.170014
356.054047	449.811951	11.178072
356.469055	449.508789	11.185978
356.875702	449.2117	11.193722
357.273285	448.921082	11.201296
357.66156	448.637207	11.208694
358.039978	448.360382	11.215905
358.463348	448.050446	11.223972
358.897583	447.732483	11.232245
359.314911	447.426605	11.240202
359.714752	447.133301	11.247826
360.096313	446.85318	11.255102
360.458893	446.5867	11.262019
360.909607	446.255066	11.270617
361.346863	445.932648	11.278965
361.740784	445.641388	11.286487
362.089203	445.383118	11.293145
362.553345	445.036621	11.302031
362.936554	444.746094	11.309389
363.244141	444.491913	11.315357
363.602325	444.1427	11.322307
363.931396	443.765778	11.32877
364.23233	443.365875	11.334867
364.505066	442.94632	11.340708
364.748657	442.509277	11.346389
364.960602	442.056427	11.352015
365.13623	441.589203	11.3577
365.268127	441.106018	11.363624
365.337494	440.669373	11.369193
365.402496	440.136719	11.376108
365.458344	439.677887	11.382063
365.520386	439.169312	11.388663
365.584045	438.646637	11.395447
365.641541	438.174927	11.401569
365.702972	437.671448	11.408105
365.767731	437.139954	11.415002
365.825684	436.664398	11.421177
365.885529	436.173279	11.427551
365.947113	435.668793	11.434097
366.009674	435.155426	11.440762
366.069275	434.666077	11.447113
366.129669	434.170898	11.45354
366.190552	433.671661	11.460019
366.251617	433.17038	11.466526
366.312805	432.668793	11.473037
366.373749	432.168793	11.479525
366.434296	431.672211	11.48597
366.494202	431.180969	11.492347
366.555847	430.675079	11.498914
366.617737	430.166992	11.505507
366.678192	429.671661	11.511937
366.736725	429.191315	11.518171
366.799683	428.675507	11.524867
366.86203	428.163239	11.531514
366.920776	427.681702	11.537766
366.980927	427.187622	11.544177
367.045685	426.657104	11.551065
367.101074	426.20285	11.55696
367.168671	425.648041	11.564161
367.209442	425.314056	11.568496
367.270081	424.817932	11.574935
367.334534	424.291595	11.581769
367.390228	423.835846	11.587684
367.453583	423.318665	11.594397
367.523346	422.749573	11.601785
367.578522	422.299011	11.607633
367.63678	421.822723	11.613814
367.698029	421.322815	11.620302
367.761932	420.801056	11.627077
367.826935	420.270782	11.63396
367.884766	419.798126	11.640094
367.944214	419.313599	11.646384
368.004913	418.818298	11.652812
368.066803	418.313507	11.659367
368.129608	417.800171	11.666029
368.191711	417.292969	11.672612
368.251617	416.803925	11.67896
368.312103	416.310486	11.685365
368.372894	415.81366	11.691813
368.434204	415.314056	11.698299
368.495544	414.812805	11.704805
368.557098	414.31076	11.711323
368.618591	413.808868	11.717836
368.679901	413.307983	11.724339
368.741089	412.809052	11.730815
368.801788	412.312988	11.737254
368.862183	411.82074	11.743644
368.921936	411.33316	11.749973
368.985077	410.817505	11.756666
369.047729	410.306396	11.763301
369.109222	409.804077	11.76982
369.169525	409.311676	11.776212
369.228424	408.830353	11.782459
369.287415	408.349487	11.788701
369.353119	407.812988	11.795665
369.416321	407.297089	11.802361
369.476776	406.803467	11.808769
369.534302	406.334198	11.81486
369.593353	405.85144	11.821126
369.661774	405.292816	11.828378
369.723114	404.792145	11.834876
369.776703	404.35434	11.840559
369.847565	403.774628	11.848084
369.897644	403.365387	11.853397
370.008209	402.910553	11.859458
370.189606	402.453461	11.865753
370.403198	402.003754	11.872048
370.639069	401.555115	11.878392
370.884827	401.118317	11.884617
371.140076	400.687103	11.890796
371.404053	400.259064	11.896962
371.674286	399.83609	11.903082
371.950928	399.416779	11.909173
372.232178	399.003967	11.915195
372.524445	398.588806	11.92128
372.819458	398.18573	11.927221
373.119904	397.795807	11.93301
373.432251	397.427307	11.938565
373.783966	397.059174	11.944227
374.121552	396.716919	11.949524
374.480225	396.357727	11.955092
374.837097	396.003235	11.960597
375.194824	395.649689	11.966092
375.551636	395.298279	11.97156
375.91272	394.943756	11.977077
376.269196	394.594299	11.982518
376.629517	394.241913	11.988007
376.989441	393.890137	11.993484
377.345612	393.54248	11.998901
377.709991	393.186981	12.004442
378.065369	392.840454	12.009841
378.430298	392.484436	12.015389
378.783356	392.139862	12.020759
379.152893	391.778625	12.026385
379.50351	391.434631	12.031739
379.84726	391.093323	12.037041
380.198029	390.73584	12.042564
380.542114	390.37616	12.048093
380.883362	390.012726	12.053662
381.22522	389.648926	12.059236
381.569061	389.290039	12.064754
381.921478	388.93158	12.070295
382.210449	388.525238	12.07626
382.419128	388.085541	12.082415
382.597504	387.619324	12.088815
382.75592	387.132721	12.095416
382.891327	386.656738	12.101816
383.014435	386.166351	12.108363
383.122406	385.677795	12.114844
383.217499	385.182831	12.121368
383.297791	384.689392	12.127831
383.363342	384.187347	12.134358
383.409058	383.696838	12.140683
383.432098	383.184326	12.147223
383.419769	382.682281	12.153526
383.348511	382.194	12.159486
383.163361	381.779083	12.164191
382.861481	381.344757	12.168807
382.59436	380.966583	12.172812
382.284668	380.530975	12.177421
382.007813	380.143005	12.181523
381.708038	379.724182	12.185948
381.416321	379.317169	12.190247
381.126862	378.914001	12.194504
380.827637	378.497955	12.198896
380.536316	378.093079	12.203169
380.244049	377.687408	12.207448
379.949432	377.278473	12.211765
379.654144	376.869141	12.216082
379.360229	376.461945	12.220377
379.069763	376.059631	12.22462
378.770691	375.645691	12.228984
378.475525	375.237427	12.233291
378.191162	374.844086	12.237437
377.883728	374.41925	12.241917
377.593964	374.019012	12.246135
377.296173	373.607819	12.250471
377.001617	373.201294	12.254756
376.696075	372.779785	12.259196
376.503204	372.514313	12.261993
376.319672	372.267212	12.264585
376.002563	371.842255	12.269038
375.56015	371.25061	12.275233
375.294922	370.89621	12.278944
375.045532	370.562988	12.282433
374.776154	370.2034	12.286199
374.487579	369.817993	12.290233
374.180145	369.407867	12.294525
373.854919	368.973785	12.299069
373.512268	368.516602	12.303855
373.152954	368.037231	12.308873
372.863678	367.651215	12.312914
372.594208	367.29184	12.316674
372.317505	366.922699	12.320539
372.033508	366.544006	12.324502
371.742645	366.156158	12.328561
371.444977	365.759247	12.332716
371.141083	365.353821	12.336958
370.830627	364.940002	12.34129
370.514282	364.518219	12.345704
370.192108	364.088531	12.350202
369.864288	363.651642	12.354774
369.539063	363.217773	12.359314
369.257477	362.842651	12.36324
368.972656	362.462799	12.367216
368.684357	362.078613	12.371238
368.393036	361.690094	12.375302
368.098755	361.29776	12.379409
367.801331	360.901367	12.383557
367.501099	360.50116	12.387746
367.198181	360.097412	12.391972
366.892792	359.690216	12.396232
366.584991	359.279907	12.400526
366.274994	358.86676	12.404851
365.962646	358.45047	12.409206
365.648346	358.031464	12.413591
365.337036	357.616486	12.417934
365.043671	357.225433	12.422026
364.74881	356.832489	12.426139
364.452637	356.437836	12.430269
364.155457	356.041473	12.434416
363.857086	355.643951	12.438577
363.557648	355.244873	12.442754
363.257324	354.844513	12.446943
362.956177	354.443146	12.451143
362.654358	354.040863	12.455354
362.351959	353.637726	12.459573
362.048889	353.234009	12.463798
361.745544	352.829773	12.468027
361.442108	352.424988	12.472263
361.138275	352.020081	12.476501
360.83429	351.615082	12.48074
360.530304	351.210022	12.484978
360.226563	350.805145	12.489216
359.923035	350.400513	12.493449
359.619751	349.996307	12.497681
359.316864	349.592682	12.501904
359.014771	349.189941	12.506118
358.713043	348.787842	12.510327
358.412109	348.386658	12.514524
358.111786	347.986664	12.518712
357.812714	347.587769	12.522885
357.514374	347.190308	12.527045
357.217255	346.794373	12.531189
356.921478	346.399872	12.535316
356.626862	346.007385	12.539425
356.333832	345.616638	12.543513
356.017883	345.195709	12.547919
355.704224	344.777466	12.552296
355.392242	344.361755	12.556646
355.082581	343.948944	12.560966
354.775146	343.539276	12.565255
354.470306	343.132751	12.569508
354.167969	342.729767	12.573727
353.868439	342.330505	12.577905
353.571564	341.934784	12.582046
353.27774	341.54303	12.586144
352.98703	341.155396	12.590202
352.699432	340.772064	12.594214
352.415222	340.393158	12.59818
352.131073	340.014343	12.602144
351.799042	339.571686	12.606778
351.47226	339.136047	12.611337
351.151245	338.708069	12.615816
350.836151	338.287872	12.620214
350.527039	337.875671	12.624529
350.224304	337.471954	12.628754
349.927948	337.076782	12.632889
349.63858	336.690765	12.636929
349.356018	336.313904	12.640874
349.080688	335.946777	12.644716
348.812714	335.589355	12.648457
348.503265	335.176483	12.652778
348.147247	334.701447	12.657751
347.807953	334.24881	12.66249
347.486237	333.819489	12.666985
347.182556	333.414124	12.671227
346.897797	333.033875	12.675207
346.632416	332.679443	12.678917
346.387024	332.351776	12.682348
346.071075	331.929474	12.686771
345.653046	331.3703	12.692627
345.36203	330.980072	12.696716
345.206329	330.769958	12.69892
345.071411	330.589264	12.700812
344.781952	330.209198	12.704778
344.347809	329.642334	12.710685
344.087189	329.302795	12.714222
343.82547	328.962219	12.717769
343.539917	328.590973	12.721634
343.231628	328.190186	12.725806
342.901306	327.760925	12.730273
342.550079	327.30484	12.735021
342.205994	326.858093	12.73967
341.93399	326.505066	12.743345
341.652893	326.140198	12.747141
341.362885	325.764069	12.751056
341.064453	325.376892	12.755085
340.757874	324.97934	12.759221
340.443665	324.571777	12.763463
340.121857	324.15448	12.767805
339.79303	323.727966	12.772243
339.457336	323.292725	12.776771
339.1586	322.905426	12.780801
338.868591	322.529633	12.784712
338.574615	322.148651	12.788675
338.276703	321.762421	12.792692
337.975159	321.371674	12.796758
337.669983	320.976135	12.800873
337.361633	320.576508	12.805032
337.049988	320.172729	12.809232
336.735687	319.76532	12.81347
336.418427	319.354218	12.817747
336.098663	318.940033	12.822057
335.786865	318.536011	12.82626
335.487488	318.14801	12.830296
335.186462	317.758026	12.834352
334.88382	317.365936	12.838432
334.579834	316.972015	12.842529
334.274689	316.576782	12.846642
333.968506	316.179871	12.85077
333.661316	315.782104	12.854909
333.353424	315.383148	12.859059
333.044769	314.983459	12.863217
332.736084	314.583221	12.86738
332.426697	314.182556	12.871548
332.11734	313.781738	12.875717
331.808044	313.381134	12.879885
331.49881	312.98053	12.884053
331.190155	312.580475	12.888214
330.881714	312.180969	12.89237
330.573975	311.782257	12.896519
330.26709	311.384766	12.900654
329.96109	310.988312	12.904778
329.656311	310.593445	12.908886
329.352661	310.199982	12.912979
329.050385	309.80835	12.917053
328.749756	309.419006	12.921103
328.450867	309.031677	12.925134
328.132965	308.619751	12.929419
327.813965	308.206451	12.93372
327.497437	307.796204	12.937985
327.183838	307.389801	12.942214
326.873047	306.987061	12.946404
326.565613	306.588623	12.950549
326.261383	306.194336	12.954652
325.960876	305.804749	12.958703
325.663879	305.419952	12.962708
325.371094	305.040436	12.966658
325.082275	304.666016	12.970551
324.769592	304.26059	12.974771
324.435822	303.827881	12.979274
324.108795	303.40387	12.983685
323.789001	302.989105	12.988
323.476746	302.584198	12.992214
323.172424	302.189392	12.996322
322.876312	301.805176	13.000319
322.588806	301.432251	13.004203
322.310089	301.070587	13.007966
322.037109	300.716248	13.011654
321.671234	300.241089	13.016598
321.325592	299.792267	13.021269
321.001221	299.370789	13.025657
320.698944	298.977814	13.029748
320.419891	298.614868	13.033527
320.165009	298.282928	13.036983
319.839142	297.858307	13.041408
319.44342	297.340942	13.046799
319.195496	297.014496	13.050208
319.072968	296.848969	13.051945
318.833923	296.526337	13.055328
318.439423	295.996521	13.060881
318.154968	295.615204	13.064878
317.895569	295.267578	13.068518
317.609894	294.885071	13.072525
317.299347	294.469299	13.07688
316.965088	294.021881	13.081567
316.608368	293.544525	13.086565
316.341614	293.187683	13.090302
316.065643	292.818634	13.094167
315.779999	292.436432	13.098167
315.484894	292.041779	13.102301
315.180878	291.635162	13.106559
314.868286	291.217377	13.110935
314.54776	290.788635	13.115423
314.219513	290.349731	13.120018
313.927429	289.959381	13.124104
313.642029	289.57785	13.1281
313.352173	289.190277	13.132158
313.057953	288.797028	13.136276
312.759705	288.398346	13.14045
312.457916	287.994904	13.144675
312.152405	287.586517	13.14895
311.843689	287.173889	13.153271
311.531921	286.757172	13.157633
311.217438	286.336792	13.162033
310.924164	285.945007	13.166138
310.629242	285.550812	13.170263
310.33255	285.154327	13.174414
310.034271	284.755707	13.17859
309.734772	284.355347	13.18278
309.434113	283.953613	13.186987
309.132507	283.550629	13.191206
308.83017	283.146454	13.195438
308.527283	282.741791	13.199674
308.224243	282.336609	13.203916
307.920807	281.931213	13.20816
307.617676	281.526062	13.212402
307.314789	281.121216	13.21664
307.01236	280.71701	13.220871
306.71048	280.31369	13.225095
306.409607	279.911682	13.229305
306.109894	279.511047	13.2335
305.811249	279.111908	13.237677
305.514221	278.715027	13.241833
305.218994	278.320435	13.245964
304.925476	277.92807	13.250072
304.615204	277.51355	13.254414
304.302917	277.096008	13.258784
303.993561	276.682495	13.263114
303.687347	276.273285	13.267399
303.384613	275.868591	13.271635
303.085724	275.469055	13.275818
302.79068	275.074646	13.279948
302.499817	274.685944	13.284019
302.213501	274.303162	13.288027
301.931702	273.926361	13.291971
301.601929	273.485474	13.296588
301.279633	273.054657	13.301098
300.965454	272.63446	13.305498
300.659607	272.225555	13.30978
300.36264	271.828308	13.313939
300.07489	271.44342	13.317969
299.796936	271.071564	13.321865
299.529114	270.713287	13.325616
299.189178	270.258514	13.330379
298.850159	269.804749	13.335131
298.534576	269.382294	13.339556
298.243774	268.992859	13.343635
297.97876	268.637848	13.347353
297.740936	268.319122	13.350693
297.317657	267.750885	13.356647
297.045288	267.384064	13.360494
296.859894	267.130096	13.363166
296.563385	266.721375	13.367473
296.265045	266.31015	13.371806
295.970093	265.903595	13.376091
295.677429	265.499969	13.380344
295.381195	265.091492	13.384648
295.08728	264.686157	13.388918
294.791382	264.278076	13.393217
294.49823	263.873871	13.397478
294.203094	263.467102	13.401765
293.90509	263.056091	13.406095
293.608887	262.647736	13.410398
293.313049	262.23996	13.414693
292.975677	261.917389	13.417792
292.53952	261.67334	13.419614
292.077759	261.465851	13.420899
291.615936	261.286011	13.421836
291.14212	261.121979	13.422535
290.660522	260.973358	13.423021
290.177948	260.84137	13.423292
289.687042	260.725555	13.423336
289.192993	260.630432	13.423107
288.69986	260.563446	13.422529
288.204315	260.538635	13.421412
287.723877	260.597961	13.419276
287.257172	260.782684	13.415599
286.80896	261.013428	13.41139
286.382111	261.257843	13.407072
285.947906	261.522308	13.402481
285.526367	261.789795	13.397888
285.105103	262.065186	13.393194
284.688141	262.343903	13.388472
284.27182	262.627075	13.383695
283.861115	262.910278	13.378934
283.445099	263.200165	13.374073
283.040955	263.48407	13.369322
282.623718	263.778442	13.3644
282.211304	264.069733	13.359533
281.806427	264.353516	13.354781
281.450958	264.595825	13.350696
281.194458	264.777679	13.347661
280.733948	265.111877	13.342112
280.223022	265.485474	13.335921
279.893463	265.727264	13.331919
279.530884	265.993652	13.32751
279.136505	266.283875	13.322707
278.711639	266.596741	13.317532
278.257782	266.931335	13.311996
277.776337	267.28653	13.306124
277.416656	267.551971	13.301737
277.048248	267.824066	13.297238
276.667908	268.105042	13.292592
276.275879	268.394806	13.287803
275.872589	268.692841	13.282876
275.458771	268.998871	13.277817
275.034729	269.3125	13.272636
274.600861	269.633484	13.267334
274.157928	269.961212	13.261916
273.776733	270.243347	13.257253
273.393829	270.526794	13.25257
273.005402	270.814362	13.24782
272.611725	271.105896	13.243003
272.213074	271.401154	13.238126
271.809784	271.699829	13.233191
271.402008	272.001953	13.2282
270.990143	272.307098	13.22316
270.574432	272.615112	13.218071
270.155182	272.925781	13.212939
269.737152	273.235565	13.207822
269.344086	273.526947	13.203009
268.948578	273.82016	13.198166
268.550964	274.114868	13.193298
268.151611	274.410919	13.188408
267.750397	274.708405	13.183496
267.347778	275.006958	13.178564
266.943909	275.306396	13.173618
266.539063	275.606628	13.168659
266.133362	275.90744	13.163692
265.727203	276.20874	13.158715
265.320679	276.510254	13.153736
264.914276	276.811737	13.148757
264.50766	277.113312	13.143777
264.101501	277.414673	13.138801
263.695801	277.715668	13.13383
263.290985	278.016022	13.128869
262.887115	278.315643	13.12392
262.484436	278.614441	13.118986
262.083374	278.912018	13.114073
261.683838	279.208496	13.109179
261.286194	279.50354	13.104305
260.890686	279.797028	13.099458
260.497437	280.088898	13.09464
260.082367	280.396942	13.089553
259.662994	280.70816	13.084413
259.247162	281.016785	13.079316
258.835236	281.322571	13.074267
258.427368	281.625305	13.06927
258.023926	281.924774	13.064324
257.625275	282.220612	13.059438
257.231445	282.513	13.054611
256.842896	282.801392	13.049849
256.459808	283.085785	13.045154
256.082642	283.365784	13.040529
255.641846	283.692993	13.035127
255.207794	284.015198	13.029807
254.783447	284.330231	13.024606
254.369034	284.637878	13.019526
253.965485	284.937469	13.014579
253.573029	285.228821	13.009769
253.192169	285.511505	13.0051
252.823456	285.785278	13.000581
252.467285	286.049683	12.996214
251.993607	286.401245	12.99041
251.53833	286.739258	12.984829
251.112045	287.055664	12.979604
250.715988	287.349579	12.974751
250.351654	287.619904	12.970285
250.020401	287.865784	12.966227
249.534851	288.225891	12.960278
249.059738	288.578094	12.954463
248.787354	288.77948	12.951133
248.65506	288.877014	12.949521
248.38736	289.075378	12.946242
247.968918	289.385864	12.941114
247.407242	289.802887	12.93423
246.891647	290.185822	12.927907
246.577667	290.419006	12.924057
246.241928	290.668457	12.919939
245.884979	290.933594	12.91556
245.507355	291.214172	12.910929
245.109589	291.509766	12.906048
244.6922	291.819824	12.900929
244.255798	292.144165	12.895575
243.800797	292.482178	12.889995
243.327911	292.83371	12.884192
242.837509	293.19812	12.878178
242.483612	293.461121	12.873837
242.124939	293.727661	12.869435
241.758331	294.000061	12.864938
241.384232	294.278107	12.860347
241.002747	294.561646	12.855666
240.613998	294.850586	12.850897
240.218185	295.144806	12.846043
239.815247	295.444244	12.841099
239.405869	295.748535	12.836075
238.989929	296.057648	12.83097
238.567627	296.371521	12.825789
238.13916	296.690002	12.820533
237.704544	297.013123	12.8152
237.264267	297.340302	12.809797
236.818405	297.671722	12.804327
236.440674	297.952545	12.799692
236.062088	298.233887	12.795048
235.680283	298.517731	12.790362
235.294937	298.804138	12.785633
234.906342	299.092987	12.780866
234.51416	299.384521	12.776052
234.11911	299.678162	12.771207
233.721069	299.97403	12.766323
233.320129	300.272095	12.761402
232.916336	300.572266	12.756448
232.509506	300.874634	12.751454
232.100403	301.178741	12.746435
231.688721	301.484711	12.741384
231.274734	301.792572	12.736303
230.858337	302.10202	12.731194
230.439514	302.4133	12.726054
230.018921	302.725983	12.720893
229.596268	303.040192	12.715708
229.20079	303.334137	12.710855
228.807831	303.626251	12.706034
228.413528	303.919403	12.701194
228.017822	304.213562	12.696338
227.620789	304.508667	12.691467
227.222626	304.804626	12.686582
226.823257	305.101471	12.681682
226.422943	305.399109	12.676768
226.021347	305.697601	12.671841
225.619202	305.996552	12.666905
225.216263	306.296112	12.661961
224.812592	306.596161	12.657008
224.408264	306.896698	12.652045
224.003448	307.197693	12.647079
223.598099	307.499023	12.642104
223.192444	307.800507	12.637126
222.786102	308.10257	12.632141
222.379944	308.404602	12.627155
221.973526	308.706635	12.62217
221.567078	309.008789	12.617183
221.160751	309.310852	12.612196
220.754425	309.612854	12.60721
220.348328	309.914795	12.602227
219.94252	310.216522	12.597246
219.536728	310.518127	12.592268
219.131622	310.819244	12.587297
218.727051	311.119995	12.582333
218.323135	311.420258	12.577375
217.919861	311.720001	12.572428
217.517365	312.019287	12.567488
217.115555	312.317871	12.562558
216.714859	312.615814	12.55764
216.314774	312.913208	12.552732
215.916031	313.209595	12.547839
215.518524	313.505066	12.542961
215.122208	313.799744	12.538098
214.727203	314.093353	12.533252
214.333679	314.385895	12.528421
213.941574	314.677338	12.52361
213.528961	314.98407	12.518547
213.107086	315.297699	12.513371
212.687637	315.609497	12.508223
212.270248	315.919708	12.503101
211.855164	316.228241	12.498008
211.442444	316.535065	12.492944
211.031891	316.840271	12.487906
210.624237	317.143311	12.482903
210.219193	317.444336	12.477934
209.816971	317.743347	12.472998
209.417587	318.040222	12.468098
209.02092	318.335114	12.463231
208.62767	318.62738	12.458405
208.237518	318.917419	12.453618
207.850723	319.204926	12.448872
207.467316	319.489868	12.444167
207.087158	319.772491	12.439503
206.710831	320.052185	12.434885
206.293289	320.362579	12.429762
205.850479	320.691711	12.42433
205.413498	321.01651	12.418967
204.982361	321.336945	12.413676
204.557281	321.652893	12.408462
204.138214	321.964355	12.40332
203.725906	322.270813	12.39826
203.320175	322.572388	12.393284
202.921265	322.868866	12.388389
202.529312	323.160187	12.38358
202.144348	323.446289	12.378856
201.766891	323.726776	12.374226
201.397079	324.001678	12.369687
201.034866	324.270844	12.365245
200.680634	324.534119	12.360898
200.248215	324.855469	12.355595
199.767441	325.212769	12.349696
199.304398	325.556854	12.344014
198.859619	325.887329	12.338559
198.433655	326.203888	12.333333
198.027054	326.50589	12.328347
197.640366	326.793243	12.323602
197.274155	327.065338	12.319111
196.928802	327.321899	12.314876
196.605179	327.562347	12.310905
196.247086	327.828278	12.306516
195.623917	328.291046	12.298874
195.140594	328.64975	12.292951
194.804581	328.898865	12.288836
194.623566	329.032837	12.286622
194.298691	329.272186	12.282662
193.899902	329.56778	12.27778
193.483963	329.877106	12.272671
193.090134	330.170746	12.267827
192.680801	330.476563	12.262783
192.284073	330.77359	12.257886
191.876617	331.079315	12.252851
191.479004	331.378265	12.247927
191.077118	331.681152	12.242942
190.675049	331.984924	12.237944
190.277161	332.286407	12.232988
189.874161	332.592834	12.227955
189.476532	332.896423	12.222974
189.076538	333.203461	12.21794
188.680328	333.509796	12.212928
188.278381	333.82373	12.207804
187.904861	334.120544	12.202977
187.517639	334.441345	12.19781
187.205399	334.72467	12.193331
186.81572	335.0867	12.187635
186.466309	335.413544	12.182501
186.064316	335.790894	12.176577
185.717239	336.11731	12.171454
185.361069	336.452728	12.166192
184.983536	336.808502	12.160611
184.60611	337.164368	12.155029
184.254395	337.496094	12.149825
183.89209	337.83783	12.144465
183.520599	338.188324	12.138969
183.146301	338.541321	12.133431
182.787323	338.879883	12.128122
182.424118	339.22226	12.122751
182.058212	339.567108	12.117341
181.690598	339.9133	12.111909
181.322556	340.259796	12.106472
180.955292	340.605316	12.101049
180.590088	340.948578	12.095662
180.228256	341.2883	12.090328
179.862823	341.631165	12.084946
179.486069	341.9841	12.079404
179.117554	342.328857	12.073987
178.758606	342.663971	12.068721
178.400711	342.997498	12.063477
178.01091	343.35968	12.057779
177.640839	343.702423	12.052383
177.292984	344.023193	12.04733
176.903488	344.380341	12.041697
176.521851	344.727112	12.036217
176.195251	345.019806	12.031581
175.762207	345.394379	12.0256
175.478531	345.605316	12.022121
175.013412	345.914978	12.016868
174.631851	346.162811	12.012638
174.183304	346.451111	12.007704
173.764267	346.718506	12.003118
173.353653	346.97937	11.998641
172.916107	347.256317	11.993881
172.481186	347.530762	11.989161
172.069931	347.789673	11.984706
171.645721	348.056244	11.980115
171.21048	348.329254	11.975413
170.78299	348.596893	11.9708
170.362198	348.860077	11.966263
169.936966	349.12561	11.961683
169.508957	349.392487	11.95708
169.080093	349.659668	11.952467
168.651703	349.926239	11.947865
168.225723	350.19104	11.943294
167.803604	350.453125	11.938766
167.376617	350.717957	11.934192
166.939163	350.988892	11.929508
166.512283	351.253052	11.924941
166.0979	351.509125	11.920512
165.663605	351.7771	11.915875
165.221039	352.049835	11.911156
164.80455	352.305969	11.90672
164.387131	352.562103	11.902283
163.927673	352.843109	11.897408
163.53389	353.082886	11.893245
163.05838	353.369537	11.888254
162.786896	353.527527	11.885477
162.424942	353.726563	11.881919
161.82634	354.052185	11.876081
161.45665	354.252625	11.872484
161.063339	354.465546	11.868662
160.629272	354.700226	11.864446
160.156387	354.95575	11.859856
159.646973	355.230774	11.854915
159.206192	355.468628	11.850639
158.803802	355.685699	11.846738
158.385483	355.911255	11.842684
157.952164	356.144867	11.838485
157.5047	356.386047	11.834147
157.043533	356.634613	11.829679
156.569626	356.889923	11.82509
156.097748	357.144104	11.820519
155.681976	357.368042	11.816491
155.258606	357.596008	11.812393
154.828293	357.827789	11.808226
154.391312	358.063049	11.803994
153.948257	358.301605	11.799705
153.499466	358.543182	11.79536
153.045715	358.787506	11.790967
152.586975	359.034393	11.786527
152.133392	359.278534	11.782136
151.701508	359.511017	11.777954
151.266891	359.744904	11.773747
150.829437	359.980347	11.769513
150.38974	360.216949	11.765257
149.948105	360.454651	11.760983
149.504974	360.693146	11.756694
149.060791	360.932129	11.752395
148.615646	361.171722	11.748086
148.170013	361.41153	11.743773
147.724228	361.651398	11.739458
147.278885	361.891083	11.735147
146.833878	362.130524	11.730841
146.389893	362.369446	11.726542
145.947205	362.607727	11.722258
145.506271	362.845001	11.717991
145.06723	363.081238	11.713741
144.630585	363.316254	11.709514
144.196625	363.549835	11.705314
143.764664	363.782349	11.701133
143.302887	364.030884	11.696662
142.845718	364.277008	11.692236
142.393295	364.520508	11.687856
141.946243	364.7612	11.683528
141.505051	364.998779	11.679255
141.070038	365.233002	11.675044
140.641769	365.463593	11.670897
140.220795	365.690308	11.66682
139.797028	365.91861	11.662716
139.314682	366.178436	11.658044
138.844727	366.431671	11.653491
138.38765	366.677917	11.649063
137.944321	366.916931	11.644767
137.51564	367.148071	11.640613
137.102112	367.371094	11.636603
136.70462	367.585541	11.632749
136.223999	367.84491	11.628088
135.725647	368.114044	11.623253
135.26445	368.363281	11.618775
134.84256	368.591461	11.614677
134.46225	368.797455	11.610981
133.997299	369.049713	11.606454
133.468887	369.337799	11.601293
133.183823	369.495697	11.598476
132.981964	369.606628	11.596494
132.56926	369.827423	11.592516
131.956268	370.152679	11.586641
131.51889	370.384064	11.582459
131.149506	370.579163	11.578929
130.747986	370.791016	11.575096
130.315186	371.019135	11.570969
129.85257	371.262878	11.566555
129.361069	371.521667	11.561872
128.842026	371.79483	11.556925
128.370636	372.042816	11.552434
127.97506	372.250854	11.548667
127.567284	372.46524	11.544784
127.147827	372.68576	11.540791
126.71685	372.912231	11.536687
126.275215	373.144379	11.532483
125.823067	373.381897	11.528178
125.360878	373.624725	11.523782
124.888985	373.872559	11.519289
124.407677	374.125305	11.51471
123.921074	374.380768	11.51008
123.505913	374.598785	11.506131
123.084976	374.819763	11.502128
122.658691	375.043549	11.498071
122.227051	375.270142	11.493966
121.79084	375.499146	11.489817
121.349686	375.730682	11.485621
120.904037	375.964508	11.481382
120.454193	376.200623	11.477104
120.000542	376.43866	11.472791
119.542908	376.678833	11.468438
119.08181	376.920776	11.464054
118.617416	377.164459	11.459638
118.170425	377.398987	11.455387
117.73642	377.626617	11.451261
117.300171	377.85553	11.447111
116.86203	378.085388	11.442946
116.421913	378.316284	11.438762
115.980095	378.548035	11.434562
115.536774	378.780579	11.430346
115.092201	379.013824	11.426121
114.646759	379.247528	11.421885
114.200172	379.48175	11.417638
113.752831	379.716461	11.413384
113.304878	379.951447	11.409127
112.856697	380.186523	11.404865
112.408493	380.421631	11.400602
111.960098	380.65686	11.39634
111.511894	380.891937	11.392078
111.064079	381.126892	11.387822
110.616776	381.361542	11.383569
110.17025	381.595764	11.379325
109.724976	381.829315	11.37509
109.280548	382.0625	11.370864
108.83744	382.294952	11.366652
108.39576	382.526642	11.362453
107.955841	382.757416	11.35827
107.517792	382.987244	11.354105
107.08197	383.215881	11.34996
106.648262	383.44342	11.345836
106.197182	383.680115	11.341548
105.733185	383.923553	11.337134
105.272476	384.165344	11.332753
104.815331	384.405182	11.328406
104.362129	384.643036	11.324097
103.912827	384.878845	11.319824
103.46769	385.112488	11.315591
103.027084	385.343689	11.311399
102.591423	385.572327	11.307256
102.160522	385.798553	11.303157
101.734863	386.022034	11.299108
101.314552	386.242676	11.29511
100.893295	386.463867	11.291101
100.404396	386.720612	11.28645
99.92437	386.972687	11.281883
99.45369	387.21991	11.277403
98.992516	387.462189	11.273015
98.541679	387.699066	11.268723
98.101349	387.93045	11.264531
97.671928	388.156097	11.260444
97.253883	388.375885	11.256463
96.847443	388.5896	11.252592
96.4533	388.796906	11.248838
95.964432	389.054108	11.244181
95.448845	389.325409	11.239267
94.960838	389.582428	11.234616
94.501778	389.824341	11.230238
94.072792	390.050446	11.226145
93.675117	390.260345	11.222348
93.309822	390.453278	11.218859
92.829781	390.707214	11.214268
92.240685	391.020111	11.208618
91.853745	391.227417	11.204885
91.673279	391.326935	11.203109
91.40564	391.466705	11.200572
90.920876	391.712311	11.196072
90.285797	392.030579	11.190222
89.932281	392.20694	11.186975
89.544434	392.400055	11.183417
89.123299	392.609436	11.179561
88.670212	392.834381	11.175412
88.186562	393.074219	11.17099
87.673653	393.328308	11.166303
87.140251	393.592346	11.161429
86.744141	393.788269	11.157813
86.335251	393.990448	11.154081
85.914001	394.198669	11.150238
85.480797	394.412659	11.146285
85.036072	394.632385	11.14223
84.58033	394.857422	11.138074
84.11396	395.087555	11.133821
83.637436	395.322723	11.129478
83.151169	395.562653	11.125048
82.655624	395.807068	11.120531
82.233612	396.015198	11.116687
81.80732	396.225372	11.112803
81.375313	396.438354	11.108869
80.937752	396.654022	11.104882
80.495255	396.872101	11.100853
80.047905	397.09256	11.09678
79.595604	397.31546	11.092661
79.13916	397.540314	11.088506
78.67865	397.767212	11.084311
78.213982	397.996094	11.080083
77.746017	398.226593	11.075821
77.274628	398.458771	11.071529
76.833633	398.676056	11.067515
76.393028	398.893005	11.063505
75.950157	399.111084	11.059474
75.505295	399.330139	11.055425
75.058556	399.55011	11.051359
74.60994	399.770996	11.047277
74.160172	399.992493	11.043183
73.709122	400.214569	11.039078
73.25705	400.437134	11.034965
72.804161	400.660095	11.030842
72.350624	400.883423	11.026715
71.896446	401.107025	11.02258
71.442284	401.330627	11.018448
70.988068	401.554199	11.014315
70.534042	401.77774	11.010183
70.080368	402.001129	11.006055
69.627068	402.224274	11.001929
69.174767	402.447021	10.997813
68.723495	402.669159	10.993706
68.273315	402.890808	10.989609
67.824608	403.111755	10.985525
67.377441	403.33197	10.981455
66.931854	403.551361	10.9774
66.488495	403.769714	10.973364
66.047287	403.986969	10.969348
65.608452	404.203125	10.965354
65.142616	404.432556	10.961113
64.673729	404.663513	10.956844
64.208336	404.892761	10.952607
63.74662	405.120239	10.948403
63.28912	405.345612	10.944238
62.835957	405.568939	10.940112
62.387165	405.7901	10.936026
61.943398	406.00882	10.931983
61.504665	406.225067	10.927988
61.071114	406.438812	10.924039
60.643337	406.649689	10.920141
60.221424	406.857758	10.916299
59.743027	407.093689	10.91194
59.254375	407.334747	10.907486
58.77533	407.571167	10.90312
58.306385	407.802643	10.898845
57.84787	408.029022	10.894664
57.400372	408.250031	10.890583
56.964275	408.465454	10.886603
56.53994	408.67514	10.882733
56.127693	408.878937	10.878971
55.728378	409.076508	10.875324
55.230175	409.323029	10.870775
54.710018	409.580658	10.866021
54.218887	409.824127	10.86153
53.758083	410.052856	10.857314
53.328827	410.266174	10.853384
52.932323	410.463501	10.849749
52.570057	410.644165	10.846422
52.003887	410.927582	10.841212
51.466698	411.1987	10.836238
51.14291	411.365845	10.833195
50.931934	411.482147	10.831118
50.461895	411.732697	10.826599
50.00119	411.974823	10.82221
49.597225	412.186005	10.81838
49.140858	412.423828	10.814061
48.635994	412.686279	10.809291
48.20826	412.908325	10.805254
47.790623	413.124756	10.801314
47.352539	413.351624	10.797186
46.895351	413.588196	10.792881
46.420662	413.833588	10.788413
45.964138	414.069489	10.784117
45.538712	414.289124	10.780117
45.103516	414.513794	10.776025
44.659512	414.742828	10.771852
44.207596	414.975922	10.767606
43.748516	415.212616	10.763293
43.287537	415.450134	10.758965
42.851036	415.675018	10.754866
42.410408	415.901917	10.75073
41.96664	416.130432	10.746565
41.520271	416.360229	10.742374
41.072048	416.590851	10.738169
40.622635	416.822052	10.733953
40.172752	417.053558	10.729733
39.723106	417.28476	10.725516
39.274239	417.515564	10.721307
38.827049	417.745453	10.717115
38.38205	417.974213	10.712944
37.940136	418.201294	10.708801
37.501873	418.426483	10.704695
37.050644	418.658264	10.700465
36.588867	418.895416	10.696137
36.133846	419.12912	10.691875
35.686504	419.358765	10.687685
35.247635	419.584045	10.683574
34.818222	419.804474	10.679553
34.383671	420.027466	10.675483
33.902187	420.274475	10.670977
33.437889	420.512634	10.666628
32.992012	420.741364	10.662456
32.566074	420.959717	10.658469
32.161385	421.167145	10.654682
31.658926	421.424591	10.649982
31.18334	421.668243	10.645535
30.758574	421.885681	10.641563
30.388046	422.075256	10.638101
29.820429	422.365234	10.632803
29.525351	422.515472	10.630054
29.217909	422.689728	10.626968
28.668222	423.015839	10.621264
28.279648	423.249573	10.617192
27.893066	423.483398	10.613125
27.463945	423.743927	10.608599
26.994667	424.029663	10.603636
26.504063	424.329163	10.59844
26.120527	424.56369	10.594373
25.720018	424.808899	10.590122
25.303202	425.064362	10.585693
24.871191	425.329437	10.5811
24.424667	425.603638	10.576351
23.964725	425.886322	10.571454
23.52705	426.155548	10.566793
23.121601	426.405029	10.562473
22.708534	426.659393	10.55807
22.288143	426.918304	10.553589
21.861113	427.181549	10.549033
21.427969	427.448608	10.544412
20.989393	427.719208	10.539731
20.545645	427.993042	10.534992
20.115292	428.258728	10.530396
19.696796	428.517181	10.525927
19.275331	428.777527	10.521423
18.851366	429.03952	10.516891
18.425196	429.302917	10.512336
17.997383	429.567413	10.507764
17.568262	429.832855	10.503174
17.138319	430.098816	10.498576
16.70793	430.365143	10.493972
16.277657	430.631439	10.489368
15.847929	430.897491	10.484769
15.418925	431.163147	10.480178
14.99125	431.428009	10.4756
14.565449	431.691772	10.471041
14.14166	431.954437	10.466504
13.720488	432.215454	10.461992
13.302343	432.47464	10.457513
12.87334	432.740662	10.452917
12.430058	433.015564	10.448168
11.991933	433.287323	10.443473
11.559336	433.555725	10.438835
11.133008	433.820313	10.434265
10.71332	434.080841	10.429766
10.300899	434.336945	10.425343
9.896231	434.588226	10.421002
9.461504	434.858246	10.416339
9.002656	435.143402	10.411414
8.557265	435.420197	10.406635
8.126465	435.688049	10.40201
7.710898	435.946472	10.397549
7.311582	436.194946	10.39326
6.929472	436.43277	10.389155
6.444785	436.734558	10.383946
5.977363	437.025879	10.378921
5.550058	437.292297	10.374324
5.165547	437.532288	10.370184
4.78998	437.767029	10.366138
4.241309	438.110992	10.360212
3.934746	438.304962	10.356877
3.613555	438.526154	10.353159
3.183262	438.837555	10.347984
2.794141	439.123688	10.343249
2.349531	439.4534	10.337805
1.976953	439.731049	10.333222
1.577754	440.029633	10.328301
1.154863	440.34671	10.323077
0.761113	440.6427	10.318205
0.367832	440.93869	10.313331
-0.036582	441.243713	10.308314
-0.450195	441.555969	10.303177
-0.843594	441.853302	10.298288
-1.241328	442.154205	10.29334
-1.642285	442.457794	10.288351
-2.044805	442.762817	10.283338
-2.447285	443.068024	10.278322
-2.848281	443.372345	10.273324
-3.246152	443.674377	10.268362
-3.639199	443.973022	10.263456
-4.049434	444.28479	10.258337
-4.454121	444.592499	10.253284
-4.847695	444.891907	10.248366
-5.232558	445.184784	10.243558
-5.656504	445.507477	10.23826
-6.056953	445.8125	10.233254
-6.430918	446.097321	10.228578
-6.86164	446.425507	10.223192
-7.255488	446.725616	10.218266
-7.661621	447.035065	10.213187
-8.018555	447.306702	10.208727
-8.333964	447.553467	10.204702
-8.770254	447.901306	10.199051
-9.127871	448.18808	10.1944
-9.539121	448.51889	10.189036
-9.951953	448.851624	10.183645
-10.316718	449.146088	10.178874
-10.703476	449.458588	10.173813
-11.110136	449.787537	10.168486
-11.515821	450.115936	10.16317
-11.889394	450.418579	10.15827
-12.273339	450.729767	10.153234
-12.666327	451.048492	10.148076
-13.067051	451.373657	10.142814
-13.460176	451.692841	10.13765
-13.843965	452.004608	10.132607
-14.231347	452.319366	10.127515
-14.621445	452.636566	10.122385
-15.013046	452.955078	10.117233
-15.405234	453.2742	10.112073
-15.79707	453.593201	10.106915
-16.187382	453.911072	10.101775
-16.575254	454.227112	10.096666
-16.959717	454.540588	10.091599
-17.345488	454.855225	10.086514
-17.74744	455.183258	10.081212
-18.141661	455.505219	10.07601
-18.527147	455.82019	10.070921
-18.90247	456.127136	10.065964
-19.292315	456.446136	10.06081
-19.702362	456.781982	10.055387
-20.092812	457.102203	10.050217
-20.461679	457.40506	10.045329
-20.846249	457.721405	10.040226
-21.268124	458.069214	10.034617
-21.637373	458.374664	10.029696
-22.027657	458.699432	10.024469
-22.40451	459.018188	10.019357
-22.638662	459.227966	10.016034
-23.077959	459.628479	10.00971
-23.416132	459.937866	10.004827
-23.763866	460.256561	9.9998
-24.154688	460.615021	9.994146
-24.572754	460.99881	9.988095
-24.907518	461.306244	9.983247
-25.260332	461.630432	9.978136
-25.629824	461.970001	9.972783
-26.014921	462.324097	9.967202
-26.414297	462.691406	9.961412
-26.7679	463.016663	9.956285
-27.124434	463.344757	9.951115
-27.488651	463.679901	9.945831
-27.859999	464.021759	9.940444
-28.237637	464.369446	9.934964
-28.6208	464.72229	9.929404
-28.987177	465.059753	9.924086
-29.350624	465.394562	9.91881
-29.716972	465.732056	9.913492
-30.085606	466.071777	9.908139
-30.455936	466.413025	9.902761
-30.82745	466.755524	9.897367
-31.199375	467.098389	9.891964
-31.571112	467.441254	9.886563
-31.942167	467.783478	9.881171
-32.311932	468.124481	9.875799
-32.679794	468.463928	9.870453
-33.04504	468.800964	9.865143
-33.407166	469.135223	9.859878
-33.780342	469.479767	9.854452
-34.161385	469.831635	9.848908
-34.53661	470.178192	9.843451
-34.905174	470.518646	9.838089
-35.266464	470.85257	9.83283
-35.619648	471.179138	9.827688
-35.988594	471.520264	9.822317
-36.382637	471.884827	9.816577
-36.761913	472.235901	9.81105
-37.125175	472.572296	9.805755
-37.471111	472.892883	9.80071
-37.823242	473.219391	9.795571
-38.239803	473.606079	9.789487
-38.615379	473.955292	9.783994
-38.946648	474.263824	9.779142
-39.340958	474.632416	9.773352
-39.706005	474.97699	9.767948
-39.879158	475.149445	9.765271
-40.17754	475.465302	9.760423
-40.64621	475.967804	9.752725
-40.948086	476.292877	9.747749
-41.243923	476.612061	9.742866
-41.568241	476.962494	9.737505
-41.919903	477.342834	9.731688
-42.29752	477.751617	9.725437
-42.699844	478.1875	9.718773
-43.01366	478.527618	9.713573
-43.324207	478.864319	9.708426
-43.64547	479.212738	9.703099
-43.977226	479.572693	9.697598
-44.318661	479.943207	9.691934
-44.669529	480.324066	9.686113
-45.029453	480.714783	9.68014
-45.397774	481.114746	9.674028
-45.749626	481.496857	9.668188
-46.070049	481.844879	9.662869
-46.395477	482.198334	9.657468
-46.725712	482.557098	9.651986
-47.060505	482.920746	9.646427
-47.39949	483.289063	9.640799
-47.742519	483.661774	9.635103
-48.089218	484.038452	9.629347
-48.439453	484.419006	9.62353
-48.792831	484.80304	9.617663
-49.142204	485.182648	9.611861
-49.473965	485.543182	9.606352
-49.807774	485.905884	9.600809
-50.143337	486.270538	9.595237
-50.480625	486.637024	9.589636
-50.819324	487.005066	9.584012
-51.159286	487.374451	9.578367
-51.500271	487.744904	9.572705
-51.841892	488.116089	9.567034
-52.184196	488.488037	9.56135
-52.526932	488.860382	9.555659
-52.869804	489.232788	9.549968
-53.212597	489.605225	9.544276
-53.555157	489.977325	9.538589
-53.897274	490.348846	9.532911
-54.238689	490.719604	9.527245
-54.579208	491.089417	9.521594
-54.918621	491.457886	9.515961
-55.256699	491.824982	9.510351
-55.593124	492.190186	9.504769
-55.927948	492.553589	9.499215
-56.260818	492.914886	9.493693
-56.600079	493.28299	9.488066
-56.955059	493.668121	9.48218
-57.307087	494.049957	9.476342
-57.655655	494.427948	9.470563
-58.000633	494.802094	9.464844
-58.341797	495.171906	9.459189
-58.678963	495.537323	9.453604
-59.011589	495.897736	9.448093
-59.339569	496.253021	9.442661
-59.662617	496.602875	9.437311
-59.991482	496.958893	9.431867
-60.363934	497.361938	9.425703
-60.728241	497.756012	9.419676
-61.083836	498.140472	9.413796
-61.430214	498.514801	9.408072
-61.766991	498.87851	9.402507
-62.093575	499.231018	9.397114
-62.409706	499.57193	9.391897
-62.714844	499.900757	9.386864
-63.090534	500.305267	9.380673
-63.480331	500.724365	9.374256
-63.844833	501.115601	9.368265
-64.182594	501.477417	9.362722
-64.492378	501.80835	9.35765
-64.77298	502.107269	9.353066
-65.211327	502.571167	9.345944
-65.588203	502.963654	9.339901
-65.786659	503.159821	9.336851
-65.980301	503.350159	9.33389
-66.349129	503.730377	9.328025
-66.81691	504.21991	9.320495
-67.093864	504.511444	9.316013
-67.399277	504.833771	9.311064
-67.731743	505.185455	9.305664
-68.090271	505.565369	9.299831
-68.47364	505.97226	9.293589
-68.880592	506.404633	9.286956
-69.201492	506.745972	9.28172
-69.513664	507.078186	9.276624
-69.836288	507.421753	9.271355
-70.168747	507.776001	9.265924
-70.510704	508.140533	9.260334
-70.861755	508.514923	9.254594
-71.221504	508.898743	9.24871
-71.589706	509.291626	9.242687
-71.965607	509.692963	9.236534
-72.295273	510.045013	9.231139
-72.620369	510.392242	9.225815
-72.950211	510.74469	9.220415
-73.284531	511.101929	9.214939
-73.623253	511.463928	9.209392
-73.965828	511.830139	9.203779
-74.312157	512.200378	9.198104
-74.662041	512.574524	9.192371
-75.01519	512.952148	9.186584
-75.371384	513.33313	9.180746
-75.728012	513.7146	9.174901
-76.062164	514.072083	9.169424
-76.39817	514.43158	9.163916
-76.735985	514.792969	9.158378
-77.075584	515.156311	9.15281
-77.416466	515.521057	9.147221
-77.758553	515.887146	9.141612
-78.101891	516.254517	9.135983
-78.445915	516.622681	9.130341
-78.790802	516.99176	9.124686
-79.135986	517.361145	9.119025
-79.481461	517.730896	9.11336
-79.827217	518.100952	9.10769
-80.172714	518.470703	9.102025
-80.517975	518.84021	9.096363
-80.862892	519.209351	9.090708
-81.207031	519.577576	9.085065
-81.550293	519.944885	9.079436
-81.892693	520.31134	9.073822
-82.233719	520.676208	9.068231
-82.573341	521.039612	9.062663
-82.911499	521.401367	9.057119
-83.247742	521.761108	9.051607
-83.58197	522.118652	9.046128
-83.935791	522.497131	9.040328
-84.292343	522.878479	9.034486
-84.645859	523.256531	9.028692
-84.996109	523.631042	9.022952
-85.343002	524.001892	9.017269
-85.686035	524.368591	9.011649
-86.025078	524.730957	9.006096
-86.359901	525.088745	9.000612
-86.690285	525.441711	8.995202
-87.015945	525.789612	8.98987
-87.33902	526.134705	8.984581
-87.715973	526.537109	8.978413
-88.084938	526.930908	8.972376
-88.445663	527.315796	8.966475
-88.79776	527.691223	8.960719
-89.140923	528.057068	8.95511
-89.474472	528.412537	8.949659
-89.798164	528.757202	8.944373
-90.111641	529.090942	8.939255
-90.419655	529.418518	8.934231
-90.829216	529.85376	8.927553
-91.215309	530.263611	8.921265
-91.576736	530.646606	8.915384
-91.9123	531.001648	8.909934
-92.22081	531.327393	8.904931
-92.50119	531.62262	8.900394
-92.94619	532.088684	8.893226
-93.33445	532.48999	8.887039
-93.549004	532.702942	8.883731
-93.814735	532.955688	8.879773
-94.210526	533.35083	8.873642
-94.532906	533.677551	8.868586
-94.904198	534.05658	8.862729
-95.266304	534.427979	8.856995
-95.596436	534.767517	8.851755
-95.94648	535.128357	8.846189
-96.314438	535.508362	8.840329
-96.66375	535.869568	8.834761
-97.001442	536.219238	8.82937
-97.348251	536.578552	8.823833
-97.702988	536.946411	8.818166
-98.062775	537.31958	8.812414
-98.404305	537.674072	8.806952
-98.749588	538.032593	8.801431
-99.097641	538.393982	8.795863
-99.447479	538.757324	8.790266
-99.798103	539.121521	8.784656
-100.148552	539.485474	8.779048
-100.497787	539.848206	8.77346
-100.844887	540.208557	8.767909
-101.188805	540.565613	8.762408
-101.536743	540.926697	8.756846
-101.895645	541.29895	8.751109
-102.247414	541.663513	8.745491
-102.59079	542.019226	8.740009
-102.924614	542.364685	8.734684
-103.290604	542.742981	8.728851
-103.651756	543.115662	8.723103
-103.994102	543.468323	8.717662
-104.315811	543.79895	8.71256
-104.705673	544.198181	8.706394
-105.058243	544.55719	8.700845
-105.372078	544.874023	8.695937
-105.778008	545.274658	8.689708
-106.006294	545.48877	8.684312
-106.384995	545.869934	8.663517
-106.73497	546.230835	8.641281
-107.057091	546.565979	8.619781
-107.420311	546.945923	8.594839
-107.810692	547.355835	8.567487
-108.12394	547.685608	8.545239
-108.454384	548.034058	8.521558
-108.800758	548.399841	8.49654
-109.161774	548.781616	8.470296
-109.52858	549.169983	8.443487
-109.854889	549.515686	8.419539
-110.189217	549.870117	8.39492
-110.530693	550.232361	8.369702
-110.878731	550.601807	8.343933
-111.232506	550.977417	8.317686
-111.584412	551.351196	8.291532
-111.921288	551.709106	8.266459
-112.261147	552.070313	8.241135
-112.603531	552.434265	8.2156
-112.947693	552.800049	8.189919
-113.29306	553.167236	8.164133
-113.63916	553.535217	8.138288
-113.985214	553.903137	8.112446
-114.330795	554.270508	8.086645
-114.675171	554.636658	8.060944
-115.017715	555.000671	8.035397
-115.357918	555.362244	8.010044
-115.69516	555.720581	7.984941
-116.044762	556.091919	7.958952
-116.399117	556.468201	7.932657
-116.747787	556.838318	7.906837
-117.090096	557.201416	7.881551
-117.425117	557.556641	7.856871
-117.752289	557.90332	7.832849
-118.114281	558.28656	7.80638
-118.476768	558.669922	7.780015
-118.824776	559.037537	7.754861
-119.156898	559.387878	7.731035
-119.472046	559.719666	7.70863
-119.853973	560.12085	7.681825
-120.221436	560.50531	7.656532
-120.548035	560.845398	7.634657
-120.878242	561.186401	7.613502
-121.278587	561.591187	7.590895
-121.469521	561.772034	7.585123
-121.723724	562.025818	7.581185
-122.145958	562.458496	7.574503
-122.566147	562.89325	7.567802
-122.850914	563.189026	7.563246
-123.162788	563.513672	7.558247
-123.500778	563.866089	7.552822
-123.863777	564.245239	7.546988
-124.250816	564.649902	7.540761
-124.66066	565.078857	7.534163
-124.991562	565.425476	7.528831
-125.304756	565.753723	7.523783
-125.627975	566.092651	7.518571
-125.960846	566.441833	7.513202
-126.302849	566.800781	7.507683
-126.653893	567.169373	7.502017
-127.013443	567.546997	7.496212
-127.381119	567.933289	7.490273
-127.756424	568.327637	7.484211
-128.120026	568.709839	7.478337
-128.444901	569.051392	7.473086
-128.774475	569.397949	7.46776
-129.108475	569.749268	7.462361
-129.446762	570.105042	7.456892
-129.789063	570.46521	7.451357
-130.135193	570.829346	7.44576
-130.484894	571.197388	7.440105
-130.837982	571.56897	7.434394
-131.194199	571.943909	7.428633
-131.55336	572.32196	7.422822
-131.915222	572.702942	7.416969
-132.252731	573.058289	7.411509
-132.591263	573.414673	7.406032
-132.931534	573.772949	7.400526
-133.273438	574.132996	7.394994
-133.616776	574.494507	7.389438
-133.96138	574.857422	7.383861
-134.307053	575.221497	7.378268
-134.653687	575.586548	7.372658
-135.001038	575.952332	7.367036
-135.348969	576.318787	7.361406
-135.697296	576.685669	7.355769
-136.045853	577.052734	7.350129
-136.394455	577.419922	7.344487
-136.742935	577.786926	7.338848
-137.090973	578.153503	7.333215
-137.43869	578.519775	7.327588
-137.785782	578.885254	7.32197
-138.132065	579.249939	7.316366
-138.477371	579.613586	7.310779
-138.821503	579.976013	7.305211
-139.164307	580.337036	7.299664
-139.505615	580.696411	7.294141
-139.845245	581.053955	7.288646
-140.183029	581.409607	7.283181
-140.53038	581.77533	7.277562
-140.891235	582.155212	7.271723
-141.249313	582.532104	7.265933
-141.604355	582.905762	7.260189
-141.956146	583.276001	7.254499
-142.304535	583.642578	7.248866
-142.6492	584.005249	7.243293
-142.990005	584.363708	7.237783
-143.326675	584.717834	7.23234
-143.659027	585.067383	7.226968
-143.986832	585.412048	7.221671
-144.314835	585.756836	7.21637
-144.694901	586.156311	7.21023
-145.067413	586.547729	7.204213
-145.432022	586.930786	7.198325
-145.788239	587.30481	7.192574
-146.13591	587.669739	7.186963
-146.474548	588.025146	7.181499
-146.803757	588.370483	7.176189
-147.123062	588.7052	7.171041
-147.432327	589.029297	7.166057
-147.805725	589.420288	7.160043
-148.206924	589.840088	7.153585
-148.584839	590.234985	7.147507
-148.938385	590.604065	7.141829
-149.266586	590.946106	7.136562
-149.568176	591.259766	7.131732
-149.842178	591.544128	7.127351
-150.341522	592.059509	7.119403
-150.700928	592.425293	7.113748
-150.888245	592.607727	7.110903
-151.249878	592.940674	7.056413
-151.604523	593.281555	6.948005
-151.945526	593.618347	6.817411
-152.28215	593.958191	6.673325
-152.616348	594.302307	6.521079
-152.945358	594.647949	6.366127
-153.270569	594.996948	6.211222
-153.593506	595.35199	6.058924
-153.910614	595.711182	5.914743
-154.219879	596.075623	5.785048
-154.525833	596.458557	5.678552
-154.811554	596.860291	5.62876
-155.07283	597.284851	5.622646
-155.319382	597.720276	5.616436
-155.553864	598.162903	5.610173
-155.777939	598.610779	5.603873
-155.992569	599.062927	5.597545
-156.19812	599.518799	5.591196
-156.39447	599.978638	5.584826
-156.581467	600.444763	5.578402
-156.74678	600.903748	5.572127
-156.86911	601.390442	5.565629
-156.95845	601.884155	5.559135
-157.026749	602.381409	5.552657
-157.079834	602.880737	5.546197
-157.120804	603.380554	5.539766
-157.151459	603.879456	5.533376
-157.172974	604.380005	5.526991
-157.185471	604.881958	5.520616
-157.188095	605.38324	5.514277
-157.178223	605.879456	5.508038
-157.13591	606.372375	5.501936
-157.063553	606.870422	5.495857
-156.976624	607.358948	5.489939
-156.878464	607.848816	5.484037
-156.77124	608.34021	5.478143
-156.657059	608.828796	5.472303
-156.536377	609.315125	5.466512
-156.408401	609.802063	5.460734
-156.273636	610.285034	5.455026
-156.131134	610.761963	5.449415
-155.976486	611.235168	5.443885
-155.804703	611.689575	5.438253
-155.60582	612.149963	5.415318
-155.397827	612.613403	5.3798
-155.194611	613.058044	5.340332
-154.984039	613.513672	5.296805
-154.771652	613.969604	5.251371
-154.560715	614.419678	5.205467
-154.347305	614.872864	5.158794
-154.133896	615.32428	5.112384
-153.918915	615.777466	5.066425
-153.706635	616.223633	5.022438
-153.488052	616.681946	4.979527
-153.271637	617.134583	4.941
-153.056641	617.583252	4.910033
-152.877869	617.9552	4.897258
-152.704193	618.307068	4.893314
-152.405151	618.908203	4.886585
-152.219147	619.281128	4.882411
-152.016083	619.687805	4.877861
-151.791092	620.138062	4.872823
-151.545197	620.629822	4.867322
-151.285294	621.149353	4.86151
-151.084808	621.549988	4.857028
-150.875305	621.968445	4.852348
-150.657394	622.403687	4.847479
-150.431488	622.854736	4.842434
-150.198074	623.32074	4.837222
-149.95755	623.800781	4.831853
-149.71907	624.276733	4.82653
-149.507034	624.699829	4.821798
-149.290771	625.131287	4.816973
-149.070679	625.570313	4.812062
-148.847198	626.016113	4.807076
-148.620285	626.468628	4.802015
-148.390366	626.927185	4.796887
-148.157852	627.390869	4.791702
-147.923615	627.85791	4.786478
-147.704102	628.295593	4.781584
-147.482758	628.736877	4.776649
-147.259979	629.18103	4.771683
-147.036072	629.627319	4.766692
-146.81102	630.075867	4.761675
-146.585281	630.525818	4.756644
-146.35878	630.977173	4.751596
-146.131897	631.429321	4.746541
-145.905014	631.88147	4.741484
-145.677994	632.333801	4.736426
-145.451233	632.785645	4.731374
-145.225098	633.236206	4.726336
-144.999466	633.685669	4.72131
-144.774765	634.133301	4.716304
-144.5513	634.578491	4.711326
-144.329025	635.02124	4.706376
-144.108429	635.460632	4.701462
-143.882111	635.911377	4.696422
-143.648026	636.377563	4.69121
-143.416351	636.838867	4.686051
-143.187531	637.294556	4.680956
-142.961975	637.743713	4.675934
-142.739639	638.186401	4.670985
-142.52095	638.621765	4.666117
-142.30632	639.049011	4.66134
-142.085648	639.488281	4.656427
-141.841049	639.975159	4.650984
-141.603256	640.448425	4.645693
-141.372833	640.907043	4.640566
-141.149979	641.350403	4.635609
-140.935287	641.777588	4.630833
-140.729233	642.1875	4.62625
-140.50177	642.639954	4.621192
-140.244247	643.152039	4.615467
-140.006805	643.624146	4.610189
-139.790665	644.053711	4.605388
-139.597092	644.438293	4.601089
-139.340927	644.946838	4.595405
-139.095963	645.43219	4.589981
-138.96962	645.68103	4.586397
-138.765381	646.087769	4.558728
-138.52005	646.579651	4.515846
-138.317932	646.985779	4.477866
-138.087646	647.449036	4.43303
-137.836044	647.955627	4.382808
-137.634155	648.362366	4.341858
-137.420578	648.792847	4.298059
-137.196136	649.245361	4.251615
-136.961868	649.717834	4.202776
-136.733124	650.179382	4.154793
-136.520996	650.607422	4.110086
-136.303467	651.046448	4.064069
-136.081329	651.494995	4.016914
-135.85498	651.952026	3.968734
-135.624893	652.416748	3.919645
-135.406143	652.858582	3.872881
-135.187424	653.300476	3.826052
-134.966827	653.746216	3.778765
-134.744995	654.194519	3.731168
-134.522247	654.644714	3.683349
-134.298965	655.096069	3.635391
-134.075775	655.547302	3.587447
-133.853027	655.997742	3.539602
-133.631058	656.446655	3.491941
-133.410492	656.8927	3.444616
-133.191681	657.335388	3.39771
-132.974976	657.773804	3.351312
-132.745148	658.238892	3.302176
-132.518616	658.697388	3.253847
-132.296143	659.147705	3.206501
-132.078506	659.588318	3.160311
-131.866104	660.018494	3.11539
-131.642578	660.471252	3.068311
-131.40773	660.947083	3.019113
-131.182709	661.403198	2.972291
-130.96843	661.837646	2.928062
-130.765778	662.248718	2.886647
-130.523285	662.740845	2.837788
-130.290619	663.21344	2.791924
-130.085968	663.629517	2.752836
-129.857895	664.094177	2.71176
-129.636795	664.546936	2.678815
-129.502304	664.825378	2.673362
-129.246384	665.350037	2.667473
-129.047287	665.757019	2.662907
-128.834732	666.190857	2.658041
-128.594742	666.680359	2.652551
-128.366806	667.144958	2.647339
-128.160522	667.565369	2.642625
-127.942917	668.008667	2.637653
-127.714714	668.473511	2.632441
-127.476913	668.957703	2.627011
-127.263184	669.392883	2.622131
-127.048866	669.829224	2.617239
-126.829552	670.275635	2.612232
-126.605682	670.731323	2.607123
-126.377754	671.19519	2.601921
-126.152817	671.652954	2.596788
-125.935379	672.095459	2.591826
-125.715912	672.542114	2.586818
-125.494881	672.991882	2.581775
-125.272713	673.44397	2.576706
-125.049873	673.8974	2.571621
-124.826698	674.351563	2.566529
-124.603851	674.804993	2.561445
-124.381699	675.25708	2.556375
-124.160645	675.706848	2.551332
-123.94117	676.153503	2.546324
-123.723633	676.596252	2.541359
-123.498863	677.05365	2.53623
-123.270912	677.517578	2.531028
-123.047028	677.973267	2.525918
-122.827652	678.4198	2.520911
-122.613319	678.85614	2.516017
-122.399811	679.290894	2.511143
-122.161949	679.775208	2.505711
-121.933678	680.240112	2.500497
-121.715912	680.683838	2.495522
-121.509567	681.104309	2.490807
-121.282005	681.568176	2.485604
-121.041832	682.058044	2.480109
-120.829124	682.492188	2.475239
-120.630821	682.897461	2.470692
-120.374069	683.423889	2.464784
-120.234131	683.712341	2.461545
-119.993828	684.188721	2.456222
-119.777596	684.611572	2.451506
-119.551636	685.051147	2.446606
-119.293983	685.550903	2.441038
-119.08078	685.963745	2.43644
-118.856689	686.397034	2.431614
-118.619644	686.854736	2.426517
-118.373749	687.329346	2.421233
-118.153633	687.753906	2.416506
-117.926849	688.190979	2.41164
-117.694275	688.639221	2.406651
-117.456696	689.096863	2.401556
-117.223656	689.545593	2.396561
-116.995522	689.984802	2.391672
-116.765152	690.428345	2.386735
-116.533188	690.874878	2.381765
-116.300308	691.323181	2.376776
-116.067284	691.771729	2.371783
-115.834587	692.219604	2.366798
-115.603004	692.665466	2.361836
-115.37326	693.107727	2.356913
-115.145866	693.545532	2.352039
-114.909317	694.00116	2.346968
-114.673042	694.456299	2.341901
-114.441895	694.901794	2.336942
-114.216888	695.335632	2.332113
-113.991173	695.770996	2.327266
-113.745636	696.244934	2.321988
-113.512047	696.696167	2.316963
-113.291794	697.122192	2.312218
-113.063881	697.563599	2.307301
-112.814606	698.047485	2.30191
-112.598022	698.46936	2.297207
-112.357323	698.941162	2.291942
