-115.563591	699.465698	2.554845
-115.792213	699.016296	2.551816
-116.017792	698.572937	2.548828
-116.247696	698.121094	2.545782
-116.476677	697.671082	2.542749
-116.702133	697.227905	2.539762
-116.93499	696.770203	2.536677
-117.159637	696.328735	2.533701
-117.387489	695.880859	2.530683
-117.616508	695.430786	2.527649
-117.844673	694.9823	2.524626
-118.069878	694.539673	2.521643
-118.301514	694.084351	2.518574
-118.528435	693.638367	2.515568
-118.754471	693.194153	2.512573
-118.98732	692.736389	2.509489
-119.207771	692.303162	2.506568
-119.443588	691.8396	2.503444
-119.677299	691.380249	2.500348
-119.814255	691.109985	2.498528
-120.014336	690.708252	2.495839
-120.320015	690.092712	2.491723
-120.498474	689.732971	2.489317
-120.698448	689.329651	2.486622
-120.918907	688.88501	2.483649
-121.158936	688.400635	2.480412
-121.417274	687.879211	2.476927
-121.642197	687.425171	2.473893
-121.843979	687.017822	2.471171
-122.053467	686.594849	2.468345
-122.270546	686.156555	2.465415
-122.494606	685.704041	2.462392
-122.725426	685.237976	2.459278
-122.962791	684.758606	2.456075
-123.206032	684.267273	2.452792
-123.422974	683.829102	2.449865
-123.634369	683.4021	2.447012
-123.849159	682.968262	2.444113
-124.067421	682.527405	2.441168
-124.288795	682.0802	2.43818
-124.512924	681.62738	2.435155
-124.739922	681.168884	2.432091
-124.969238	680.705627	2.428997
-125.201004	680.237427	2.425868
-125.427788	679.779175	2.422807
-125.645523	679.339355	2.419868
-125.86451	678.896912	2.416913
-126.084785	678.451965	2.41394
-126.30616	678.0047	2.410952
-126.528496	677.555542	2.407951
-126.751579	677.104736	2.404939
-126.975311	676.652771	2.40192
-127.199471	676.199829	2.398894
-127.423943	675.746338	2.395864
-127.648544	675.292542	2.392833
-127.8731	674.838867	2.389802
-128.097443	674.38562	2.386774
-128.321426	673.933105	2.38375
-128.544907	673.481628	2.380734
-128.76767	673.031555	2.377727
-128.989563	672.583191	2.374732
-129.21048	672.136963	2.37175
-129.430176	671.693054	2.368785
-129.648544	671.251953	2.365838
-129.866562	670.811462	2.362895
-130.099487	670.34082	2.359751
-130.330246	669.874695	2.356637
-130.558472	669.413635	2.353557
-130.784256	668.957581	2.350509
-131.007263	668.50708	2.347499
-131.227249	668.062744	2.344531
-131.443863	667.625122	2.341607
-131.657227	667.194214	2.338728
-131.866943	666.77063	2.335897
-132.100235	666.299377	2.332749
-132.340805	665.813599	2.329503
-132.575287	665.339966	2.326339
-132.803085	664.880005	2.323265
-133.023956	664.43396	2.320285
-133.237686	664.00238	2.317401
-133.443665	663.586548	2.314622
-133.641663	663.18689	2.311951
-133.897339	662.670776	2.308503
-134.147446	662.166077	2.305129
-134.378754	661.699341	2.30201
-134.590042	661.273193	2.299162
-134.780426	660.889282	2.296595
-135.015976	660.414673	2.293422
-135.288452	659.866455	2.289754
-135.425461	659.592468	2.287918
-135.527451	659.390747	2.300255
-135.749252	658.95105	2.34066
-136.083359	658.288086	2.407172
-136.263687	657.930298	2.444181
-136.454514	657.551575	2.483838
-136.662399	657.138916	2.527459
-136.886703	656.693604	2.574897
-137.12677	656.217041	2.625997
-137.382111	655.710083	2.680642
-137.651779	655.174683	2.738619
-137.855209	654.770752	2.78251
-138.058136	654.367859	2.8264
-138.267471	653.952148	2.871782
-138.482895	653.524414	2.91857
-138.703964	653.085449	2.966676
-138.930817	652.63501	3.016123
-139.162872	652.174194	3.066783
-139.400284	651.70282	3.118683
-139.642624	651.221558	3.171734
-139.889511	650.731262	3.225842
-140.106705	650.299927	3.273488
-140.318817	649.878723	3.320059
-140.533569	649.452271	3.367249
-140.751251	649.019958	3.415118
-140.971558	648.582458	3.463593
-141.194336	648.140076	3.512643
-141.419449	647.693054	3.562241
-141.646805	647.241516	3.612355
-141.876038	646.786255	3.66291
-142.107452	646.326721	3.713969
-142.340714	645.863464	3.765456
-142.575684	645.396851	3.817343
-142.800156	644.95105	3.866926
-143.019547	644.515381	3.9154
-143.240082	644.077393	3.964141
-143.461868	643.636902	4.013174
-143.684387	643.195007	4.062379
-143.907776	642.751404	4.111782
-144.131897	642.306274	4.161358
-144.356888	641.859375	4.211136
-144.582199	641.411926	4.260991
-144.807983	640.963562	4.310951
-145.034332	640.514038	4.361042
-145.260696	640.064453	4.411142
-145.487259	639.614624	4.461277
-145.713821	639.164612	4.511423
-145.940567	638.714294	4.561609
-146.166946	638.264648	4.611709
-146.393066	637.815613	4.661752
-146.61908	637.36676	4.711764
-146.844421	636.91925	4.761622
-147.069214	636.472778	4.811352
-147.293335	636.02771	4.860932
-147.516953	635.583557	4.910388
-147.739502	635.141602	4.959597
-147.961105	634.701538	5.008586
-148.18187	634.263123	5.057381
-148.40126	633.827393	5.105861
-148.625336	633.382385	5.155353
-148.860336	632.91571	5.207247
-149.093643	632.452393	5.258743
-149.324875	631.993164	5.309765
-149.554367	631.537415	5.360376
-149.781769	631.085815	5.410501
-150.006943	630.638672	5.460109
-150.229767	630.196167	5.509171
-150.450104	629.758606	5.557658
-150.667847	629.326172	5.605539
-150.882675	628.899597	5.652743
-151.094818	628.478271	5.699327
-151.311127	628.048706	5.746778
-151.558304	627.557861	5.800949
-151.800735	627.076477	5.854022
-152.038071	626.605164	5.905907
-152.270401	626.143799	5.956632
-152.497192	625.693481	6.006065
-152.718552	625.253967	6.054237
-152.933929	624.826294	6.101017
-153.143402	624.4104	6.146428
-153.346603	624.006897	6.190382
-153.548416	623.606262	6.233919
-153.818359	623.070251	6.291964
-154.073853	622.562988	6.34665
-154.31424	622.085754	6.397826
-154.539017	621.639587	6.445367
-154.747238	621.226257	6.489069
-154.938431	620.846802	6.528807
-155.114548	620.497253	6.564972
-155.450867	619.829956	6.631996
-155.675018	619.385559	6.672952
-155.782181	619.173706	6.685817
-156.012039	618.722229	6.682773
-156.222092	618.309937	6.679993
-156.46138	617.840576	6.676826
-156.681137	617.409668	6.67392
-156.920197	616.941101	6.670759
-157.14119	616.508179	6.667838
-157.370071	616.059998	6.664813
-157.602295	615.605469	6.661746
-157.828339	615.163391	6.658761
-158.057373	614.715637	6.655737
-158.287537	614.265991	6.6527
-158.517105	613.81781	6.649673
-158.744324	613.374573	6.646678
-158.975632	612.923889	6.643631
-159.207214	612.473206	6.640584
-159.42981	612.040588	6.637657
-159.669434	611.575867	6.634511
-159.895386	611.138672	6.631549
-160.132874	610.68103	6.628445
-160.356415	610.253113	6.625535
-160.600296	609.794556	6.622398
-160.815704	609.387878	6.619619
-161.03215	608.938782	6.616645
-161.240341	608.482178	6.613672
-161.441681	608.022278	6.610714
-161.636566	607.56073	6.607777
-161.825119	607.097534	6.60486
-162.007309	606.630554	6.601953
-162.180466	606.160767	6.599072
-162.339706	605.685608	6.596228
-162.467484	605.209229	6.593515
-162.576096	604.718567	6.59082
-162.6698	604.227722	6.588188
-162.747818	603.732971	6.585607
-162.806519	603.235596	6.583098
-162.840042	602.73584	6.580687
-162.837738	602.23645	6.578435
-162.779297	601.747437	6.576472
-162.657867	601.257813	6.574781
-162.503128	600.783325	6.573303
-162.323486	600.315552	6.571964
-162.122787	599.855835	6.570753
-161.901367	599.405945	6.569676
-161.656769	598.970154	6.568763
-161.378143	598.552856	6.568083
-161.059433	598.180298	6.567779
-160.722092	597.805786	6.567547
-160.387909	597.434814	6.567317
-160.05246	597.062439	6.567087
-159.716797	596.689758	6.566856
-159.381256	596.317261	6.566626
-159.04689	595.946106	6.566396
-158.710068	595.572205	6.566164
-158.457764	595.295532	6.570199
-158.087311	594.910583	6.602023
-157.727142	594.540039	6.637404
-157.411377	594.216187	6.669718
-157.053009	593.849304	6.707224
-156.655029	593.442444	6.749555
-156.31337	593.093506	6.786301
-155.987732	592.761169	6.821586
-155.645844	592.412415	6.858856
-155.288666	592.048218	6.897985
-154.917465	591.669861	6.938824
-154.544647	591.289978	6.97999
-154.213211	590.952271	7.01669
-153.873993	590.606812	7.054337
-153.527573	590.254028	7.092863
-153.174774	589.894836	7.132167
-152.816132	589.529724	7.172182
-152.452316	589.159424	7.21283
-152.099915	588.80072	7.252244
-151.755569	588.450317	7.29079
-151.408401	588.096985	7.329682
-151.05899	587.741455	7.368849
-150.707657	587.383911	7.408247
-150.355042	587.025085	7.447805
-150.001602	586.665466	7.487461
-149.647873	586.305603	7.52715
-149.294403	585.945923	7.566812
-148.941757	585.587097	7.60637
-148.590271	585.229431	7.645788
-148.24054	584.873596	7.684991
-147.893097	584.519958	7.723916
-147.548477	584.169312	7.7625
-147.198441	583.813049	7.801652
-146.834137	583.4422	7.842358
-146.474945	583.076538	7.882442
-146.121429	582.716614	7.921833
-145.774399	582.36322	7.960433
-145.434433	582.016968	7.998172
-145.102158	581.678528	8.034973
-144.734467	581.303833	8.075583
-144.361908	580.924072	8.116591
-144.003326	580.558411	8.155893
-143.659805	580.208008	8.193359
-143.332397	579.873901	8.228861
-143.001114	579.535583	8.264525
-142.599197	579.124756	8.307335
-142.236633	578.753662	8.345351
-141.916382	578.425293	8.378213
-141.577454	578.076721	8.411736
-141.181915	577.666443	8.446619
-141.002747	577.473572	8.452578
-140.664536	577.108948	8.452394
-140.291534	576.708923	8.452201
-139.986557	576.382324	8.452045
-139.639603	576.011169	8.451871
-139.253693	575.598572	8.451677
-138.908966	575.230164	8.451505
-138.591751	574.891296	8.451347
-138.258606	574.535461	8.451181
-137.910431	574.163635	8.451009
-137.54834	573.7771	8.45083
-137.17836	573.382202	8.450646
-136.85466	573.036682	8.450487
-136.523376	572.683105	8.450323
-136.185013	572.32196	8.450156
-135.840225	571.954041	8.449987
-135.489777	571.580139	8.449814
-135.134094	571.200623	8.449639
-134.786972	570.830261	8.449469
-134.450195	570.470947	8.449304
-134.110703	570.108765	8.449137
-133.768845	569.744141	8.448968
-133.425171	569.377502	8.448799
-133.080185	569.00946	8.44863
-132.734268	568.640442	8.448461
-132.388153	568.271179	8.44829
-132.04216	567.9021	8.44812
-131.696884	567.533752	8.447951
-131.352783	567.166687	8.447782
-131.010284	566.801331	8.447614
-130.670029	566.438293	8.447446
-130.332489	566.078186	8.447281
-129.992081	565.714966	8.447113
-129.63501	565.334045	8.446939
-129.28302	564.958435	8.446764
-128.936508	564.588684	8.446593
-128.596283	564.225586	8.446426
-128.262802	563.869751	8.446261
-127.936913	563.521912	8.4461
-127.581284	563.142273	8.445925
-127.215401	562.751648	8.445744
-126.863129	562.375488	8.445569
-126.525459	562.014893	8.445402
-126.203491	561.670959	8.445242
-125.887314	561.33313	8.445084
-125.490623	560.909058	8.444884
-125.13205	560.525513	8.444704
-124.81459	560.18573	8.444543
-124.500053	559.848572	8.444382
-124.092148	559.409912	8.444165
-123.931969	559.235474	8.44427
-123.75631	559.047791	8.447416
-123.433113	558.704956	8.454297
-122.970329	558.215271	8.464711
-122.505974	557.724609	8.475428
-122.238335	557.441956	8.481673
-121.950485	557.138	8.488431
-121.643089	556.813477	8.495684
-121.316422	556.46875	8.503424
-120.971329	556.104614	8.511632
-120.608002	555.721313	8.5203
-120.22728	555.319702	8.529408
-119.829491	554.900085	8.538949
-119.415329	554.463318	8.548904
-119.061928	554.090698	8.557416
-118.757095	553.769226	8.564765
-118.445038	553.440247	8.5723
-118.125893	553.10376	8.580012
-117.799713	552.759888	8.587903
-117.46701	552.409119	8.59596
-117.127769	552.051514	8.60418
-116.782196	551.687256	8.612563
-116.430466	551.316467	8.6211
-116.072716	550.939392	8.629791
-115.708946	550.55603	8.638633
-115.33976	550.16687	8.647614
-114.965118	549.772034	8.656732
-114.585167	549.371582	8.665984
-114.230171	548.997498	8.674633
-113.907227	548.657166	8.682505
-113.580956	548.313293	8.69046
-113.251511	547.966125	8.698497
-112.918953	547.615662	8.706612
-112.583397	547.262024	8.714802
-112.244942	546.905396	8.723066
-111.903709	546.545837	8.731401
-111.559761	546.183411	8.739804
-111.213226	545.818298	8.748273
-110.864227	545.450562	8.756804
-110.512802	545.0802	8.765396
-110.159119	544.707581	8.774046
-109.803452	544.332825	8.782746
-109.445496	543.955627	8.791504
-109.085556	543.576416	8.800312
-108.723724	543.195129	8.809168
-108.372643	542.825256	8.817762
-108.036148	542.470703	8.826001
-107.698311	542.114746	8.834273
-107.3592	541.757507	8.842578
-107.018867	541.398926	8.850913
-106.67746	541.039185	8.859277
-106.334991	540.678406	8.867666
-105.991608	540.31665	8.876079
-105.647301	539.953918	8.884515
-105.302246	539.590332	8.89297
-104.956459	539.226013	8.901443
-104.610039	538.861023	8.909934
-104.263031	538.495483	8.918437
-103.915581	538.129395	8.926953
-103.567719	537.762939	8.935479
-103.219803	537.396362	8.944008
-102.871391	537.029297	8.952548
-102.522812	536.662048	8.961092
-102.174179	536.294739	8.969639
-101.825485	535.927429	8.978185
-101.476929	535.56012	8.986729
-101.128494	535.193054	8.99527
-100.780304	534.826233	9.003803
-100.432442	534.459778	9.01233
-100.084961	534.093689	9.020847
-99.737976	533.728088	9.029351
-99.391518	533.363098	9.037842
-99.045723	532.998718	9.046316
-98.700645	532.635132	9.054772
-98.3563	532.2724	9.063209
-98.012871	531.910522	9.071623
-97.670395	531.549744	9.080012
-97.328957	531.190002	9.088376
-96.988579	530.831421	9.096712
-96.649414	530.47406	9.105018
-96.311539	530.118042	9.113292
-95.974991	529.763489	9.121531
-95.625038	529.394775	9.130097
-95.263161	529.013489	9.138956
-94.90313	528.634155	9.147766
-94.545097	528.256836	9.156526
-94.189156	527.881836	9.165233
-93.835381	527.509094	9.173885
-93.483887	527.138672	9.182479
-93.134804	526.770874	9.191011
-92.788185	526.40564	9.199484
-92.44416	526.043091	9.207888
-92.102852	525.683533	9.216226
-91.764275	525.326721	9.224491
-91.428627	524.973022	9.232685
-91.095993	524.622498	9.240803
-90.766403	524.275146	9.248841
-90.440292	523.931458	9.256794
-90.117188	523.591003	9.264669
-89.764122	523.218872	9.273272
-89.38401	522.818298	9.282528
-89.009186	522.423279	9.291651
-88.639801	522.033936	9.300635
-88.275848	521.65033	9.309483
-87.917908	521.27301	9.318177
-87.565971	520.902039	9.32672
-87.220177	520.537537	9.335109
-86.880737	520.179749	9.343335
-86.547638	519.828552	9.351401
-86.221413	519.48468	9.359294
-85.902069	519.147949	9.367011
-85.589745	518.818665	9.374551
-85.284508	518.496765	9.381913
-84.935211	518.128418	9.390326
-84.520523	517.691101	9.400293
-84.122139	517.270935	9.409848
-83.740868	516.868774	9.418972
-83.376984	516.484802	9.427655
-83.031258	516.120056	9.435878
-82.703979	515.774658	9.443633
-82.395821	515.449341	9.450904
-82.107407	515.144836	9.457676
-81.839088	514.86145	9.46394
-81.383873	514.380371	9.47445
-80.916656	513.886108	9.484978
-80.588669	513.538208	9.491981
-80.407936	513.345215	9.495255
-80.284714	513.211304	9.496449
-79.966415	512.870178	9.501653
-79.482613	512.353882	9.510539
-79.211159	512.064636	9.515709
-78.908554	511.74234	9.521558
-78.576042	511.388428	9.528058
-78.215118	511.004364	9.535177
-77.827049	510.591553	9.542891
-77.426407	510.165466	9.550899
-77.122284	509.842102	9.557004
-76.806625	509.506561	9.56336
-76.479942	509.159271	9.569958
-76.142578	508.800629	9.576788
-75.795204	508.431427	9.583837
-75.438179	508.052032	9.591095
-75.072014	507.662933	9.598554
-74.697121	507.264587	9.606201
-74.351364	506.897217	9.613266
-74.026558	506.552124	9.619909
-73.696617	506.201599	9.626665
-73.361794	505.845917	9.633527
-73.022362	505.485352	9.640488
-72.678612	505.120148	9.647545
-72.330788	504.750702	9.654691
-71.979195	504.377258	9.661919
-71.6241	504.000061	9.669222
-71.265739	503.619415	9.676598
-70.914459	503.246307	9.68383
-70.578552	502.889526	9.690748
-70.240601	502.530609	9.697714
-69.900742	502.169647	9.704719
-69.559235	501.806946	9.71176
-69.216286	501.442688	9.718833
-68.872108	501.077179	9.725932
-68.526924	500.710541	9.733053
-68.180939	500.343109	9.740192
-67.834373	499.975037	9.747343
-67.487442	499.606598	9.754503
-67.140373	499.237946	9.761666
-66.79332	498.869415	9.768827
-66.446564	498.50116	9.775983
-66.100311	498.133423	9.783129
-65.754761	497.766449	9.790257
-65.410156	497.400452	9.797366
-65.066658	497.035614	9.804451
-64.724396	496.672089	9.811508
-64.383827	496.310394	9.81853
-64.045036	495.950562	9.825512
-63.708252	495.592865	9.83245
-63.367596	495.231079	9.839465
-63.008007	494.849091	9.846868
-62.651482	494.470428	9.854201
-62.298378	494.095367	9.861463
-61.948963	493.724213	9.868643
-61.603474	493.357178	9.875737
-61.262215	492.99469	9.88274
-60.925419	492.636871	9.889645
-60.593407	492.28418	9.896444
-60.266426	491.936798	9.903135
-59.944744	491.595001	9.909711
-59.566387	491.192963	9.917436
-59.196514	490.799896	9.924974
-58.835506	490.416321	9.932321
-58.48402	490.042755	9.939457
-58.142479	489.679749	9.946379
-57.811325	489.327728	9.953074
-57.490986	488.987183	9.959532
-57.181999	488.658661	9.965744
-56.825546	488.279602	9.972884
-56.426483	487.855133	9.980834
-56.054119	487.458984	9.988204
-55.709587	487.092346	9.994966
-55.394295	486.756561	10.001091
-55.109688	486.453339	10.006548
-54.707088	486.024048	10.014077
-54.30666	485.595917	10.02107
-54.107605	485.381165	10.023673
-53.848125	485.094391	10.023514
-53.48576	484.694977	10.023277
-53.168282	484.345367	10.023072
-52.79911	483.939117	10.022834
-52.468201	483.575134	10.022622
-52.145	483.219818	10.022417
-51.801521	482.842346	10.022198
-51.439823	482.444977	10.021968
-51.113338	482.086487	10.021761
-50.78371	481.724701	10.021554
-50.445107	481.353119	10.02134
-50.098515	480.973022	10.021124
-49.753712	480.595001	10.020908
-49.420986	480.230377	10.020701
-49.08461	479.861938	10.020493
-48.745586	479.490784	10.020283
-48.404881	479.118011	10.020073
-48.063534	478.74469	10.019864
-47.722507	478.371948	10.019655
-47.382751	478.000763	10.01945
-47.04541	477.632568	10.019247
-46.711376	477.268188	10.019046
-46.367989	476.893921	10.018842
-46.01915	476.51413	10.018637
-45.677792	476.142792	10.018436
-45.345146	475.781433	10.018244
-45.022419	475.431305	10.018058
-44.655682	475.034058	10.017851
-44.306717	474.65686	10.017657
-43.977383	474.301788	10.017479
-43.652851	473.953033	10.017308
-43.271698	473.545349	10.017116
-42.941101	473.194366	10.016961
-42.583946	472.820374	10.016817
-42.271492	472.508514	10.016761
-41.997959	472.266266	10.016851
-41.559589	471.877258	10.016994
-41.22958	471.584198	10.017097
-40.84787	471.245209	10.01722
-40.418751	470.864014	10.017356
-40.072247	470.556152	10.017466
-39.715321	470.239044	10.017578
-39.339138	469.904846	10.017697
-38.945381	469.554993	10.017822
-38.547947	469.201782	10.017948
-38.191757	468.885315	10.01806
-37.826229	468.560455	10.018176
-37.452206	468.228027	10.018294
-37.070721	467.889038	10.018415
-36.682686	467.54422	10.018538
-36.30547	467.208923	10.018656
-35.936443	466.881012	10.018772
-35.564121	466.550079	10.01889
-35.189198	466.216888	10.019009
-34.81242	465.882019	10.019127
-34.434509	465.546173	10.019247
-34.056271	465.210052	10.019366
-33.678406	464.874176	10.019485
-33.301651	464.539368	10.019605
-32.926834	464.206238	10.019723
-32.55455	463.875366	10.019839
-32.185623	463.547516	10.019957
-31.807968	463.211853	10.020076
-31.420038	462.867096	10.020198
-31.038593	462.528198	10.020318
-30.664785	462.195953	10.020437
-30.299355	461.871246	10.020552
-29.943426	461.554901	10.020664
-29.54501	461.200836	10.02079
-29.15159	460.851318	10.020915
-28.775723	460.517426	10.021034
-28.419159	460.200531	10.021147
-28.070839	459.891083	10.021257
-27.64246	459.510529	10.021394
-27.2616	459.172333	10.021514
-26.932558	458.880157	10.021619
-26.492245	458.489441	10.021761
-26.22246	458.250549	10.021856
-25.877792	457.949432	10.023194
-25.498163	457.618927	10.025168
-25.126787	457.296051	10.027241
-24.70207	456.927063	10.029697
-24.355116	456.625763	10.03175
-23.98291	456.302643	10.033979
-23.587997	455.959991	10.036372
-23.198086	455.621796	10.038753
-22.833065	455.305298	10.040994
-22.456865	454.979126	10.043317
-22.070879	454.644684	10.045708
-21.679121	454.305267	10.048142
-21.307011	453.983032	10.05046
-20.930401	453.656952	10.05281
-20.550507	453.328186	10.055183
-20.168701	452.997894	10.05757
-19.786083	452.666931	10.059964
-19.404003	452.336639	10.062353
-19.023651	452.007965	10.064732
-18.646347	451.682007	10.067086
-18.273163	451.359924	10.069414
-17.88286	451.023102	10.071842
-17.495136	450.688812	10.074247
-17.116913	450.362885	10.076587
-16.749628	450.046631	10.078848
-16.362928	449.71405	10.081215
-15.964257	449.371521	10.083639
-15.587831	449.048584	10.085904
-15.23625	448.747498	10.087993
-14.815312	448.38797	10.090447
-14.434443	448.063934	10.092597
-14.066172	447.752869	10.094556
-13.683085	447.436554	10.096189
-13.394775	447.214844	10.098792
-12.954014	446.876312	10.105343
-12.587236	446.594482	10.111322
-12.159307	446.265778	10.118573
-11.756201	445.956085	10.12557
-11.379199	445.666565	10.132214
-10.978281	445.358582	10.139355
-10.555703	445.03421	10.146946
-10.161152	444.731293	10.15408
-9.775292	444.435181	10.161094
-9.378653	444.130859	10.168328
-8.972519	443.819275	10.175762
-8.560781	443.50354	10.183317
-8.170429	443.204224	10.190495
-7.775488	442.90155	10.197766
-7.377256	442.596405	10.205107
-6.976797	442.289673	10.212494
-6.575293	441.982178	10.219901
-6.173828	441.674988	10.227306
-5.773633	441.368744	10.234685
-5.375722	441.064514	10.242015
-4.981465	440.763123	10.249269
-4.586855	440.461761	10.256518
-4.173906	440.146484	10.264087
-3.76916	439.837677	10.271482
-3.374043	439.536499	10.278677
-2.990078	439.244141	10.28564
-2.581309	438.933197	10.293012
-2.162148	438.614807	10.300515
-1.765098	438.31366	10.307558
-1.39248	438.031677	10.314089
-0.964531	437.70874	10.321465
-0.547812	437.395691	10.328449
-0.193516	437.131317	10.334133
0.273594	436.788727	10.340742
0.544961	436.60434	10.342976
1.012285	436.291351	10.350329
1.382754	436.041779	10.35719
1.823769	435.744019	10.365801
2.241641	435.461578	10.374213
2.640645	435.191711	10.3824
3.066777	434.903381	10.391258
3.502871	434.608276	10.400414
3.901309	434.338623	10.408842
4.312891	434.060059	10.417598
4.73584	433.773865	10.426631
5.162246	433.485352	10.435771
5.570899	433.208893	10.444551
5.984395	432.929291	10.453452
6.401191	432.647491	10.462434
6.819863	432.364471	10.471462
7.23877	432.081543	10.480493
7.656406	431.79953	10.489494
8.071133	431.519684	10.498423
8.481543	431.24292	10.507242
8.90289	430.958984	10.516274
9.328984	430.67218	10.525378
9.744433	430.392761	10.534217
10.147265	430.122192	10.542743
10.572344	429.837097	10.551677
11.006269	429.546722	10.560709
11.414003	429.274536	10.569092
11.810586	429.010651	10.577106
12.270801	428.705963	10.586158
12.662598	428.4487	10.593511
13.125527	428.150513	10.601215
13.426542	427.972107	10.603561
13.914883	427.699921	10.604448
14.301699	427.484375	10.605151
14.764453	427.226501	10.605993
15.20582	426.98053	10.606795
15.627265	426.745697	10.607561
16.077715	426.49472	10.60838
16.534161	426.240387	10.609211
16.955839	426.005371	10.609977
17.391405	425.762634	10.610769
17.838926	425.513306	10.611582
18.285019	425.264801	10.612392
18.71707	425.024048	10.613178
19.153906	424.780609	10.613974
19.594082	424.53537	10.614773
20.035742	424.289276	10.615577
20.477167	424.043335	10.616379
20.916718	423.798401	10.617178
21.352558	423.555573	10.61797
21.783085	423.315643	10.618752
22.235098	423.063812	10.619575
22.679726	422.81604	10.620383
23.111952	422.575195	10.621169
23.529551	422.342529	10.621928
23.998652	422.081177	10.622781
24.441952	421.834137	10.623587
24.855253	421.603821	10.624338
25.319315	421.345215	10.625181
25.763262	421.097809	10.625989
26.187031	420.861664	10.626758
26.603886	420.629272	10.627517
26.818886	420.51358	10.630539
27.274452	420.273193	10.639906
27.895897	419.946838	10.653669
28.247049	419.762756	10.661648
28.635508	419.559296	10.670576
29.059921	419.337128	10.680416
29.518515	419.097168	10.691125
30.010098	418.840118	10.702672
30.533104	418.566681	10.715015
30.978338	418.334015	10.725565
31.378027	418.125153	10.735061
31.791132	417.909302	10.744896
32.217304	417.686676	10.755063
32.655762	417.457611	10.765546
33.106384	417.22226	10.776333
33.56826	416.981079	10.787408
34.041248	416.734131	10.798764
34.524647	416.48175	10.810386
34.991543	416.237946	10.821625
35.409061	416.020081	10.831682
35.832989	415.798737	10.841902
36.262676	415.574432	10.852269
36.697968	415.34726	10.86278
37.138866	415.117188	10.87343
37.58453	414.884613	10.884204
38.035213	414.649414	10.895103
38.490135	414.411987	10.906112
38.949413	414.172333	10.917232
39.412403	413.930786	10.928442
39.874336	413.689667	10.939633
40.307911	413.463501	10.950141
40.743809	413.235992	10.960711
41.182266	413.007263	10.971342
41.622852	412.777374	10.982026
42.065018	412.546661	10.992754
42.509083	412.315033	11.003528
42.95451	412.082642	11.014337
43.400898	411.84967	11.02517
43.848438	411.616211	11.036033
44.296638	411.382416	11.046911
44.745098	411.148376	11.057798
45.194004	410.914185	11.068696
45.64291	410.679993	11.079594
46.091423	410.446014	11.090481
46.539646	410.212128	11.101359
46.986931	409.97879	11.112217
47.433495	409.745819	11.123055
47.878925	409.513397	11.133863
48.322712	409.281891	11.144631
48.765137	409.051056	11.155363
49.205643	408.821167	11.166047
49.643826	408.59256	11.176673
50.079903	408.365082	11.187244
50.513454	408.138824	11.197752
50.975918	407.897491	11.208956
51.438847	407.655914	11.220167
51.898064	407.416321	11.231284
52.352909	407.178925	11.24229
52.803493	406.943817	11.253188
53.249161	406.711212	11.26396
53.689743	406.481293	11.274606
54.125175	406.254028	11.285117
54.554764	406.029785	11.295482
54.978554	405.808594	11.3057
55.395996	405.590668	11.315754
55.864159	405.346252	11.327024
56.347263	405.094055	11.338635
56.820038	404.847168	11.349988
57.281719	404.606079	11.361059
57.732185	404.37085	11.371841
58.170448	404.141907	11.382318
58.596462	403.919342	11.392482
59.009335	403.703674	11.402311
59.408806	403.494873	11.411801
59.856308	403.261017	11.422403
60.378807	402.987854	11.434736
60.869762	402.731079	11.446267
61.328026	402.491333	11.456966
61.751816	402.26947	11.466792
62.139782	402.066254	11.475705
62.490292	401.882477	11.48367
63.115467	401.554199	11.497507
63.567303	401.315735	11.506779
63.774059	401.20459	11.5097
64.104431	401.032532	11.510355
64.67482	400.742249	11.511518
65.046486	400.554291	11.512279
65.471581	400.339844	11.513153
65.946815	400.100494	11.514132
66.468628	399.838104	11.515208
66.880722	399.631165	11.516061
67.299355	399.420959	11.516926
67.737404	399.201202	11.517833
68.193596	398.972443	11.518777
68.666916	398.735138	11.519757
69.155838	398.490143	11.52077
69.582169	398.276642	11.521654
70.012871	398.060944	11.522546
70.452477	397.84082	11.523458
70.900055	397.61676	11.524387
71.355118	397.388977	11.525331
71.816658	397.15799	11.526289
72.284332	396.924011	11.527258
72.728264	396.701874	11.52818
73.169395	396.481171	11.529096
73.613945	396.258789	11.530018
74.061172	396.035065	11.530946
74.510681	395.810211	11.531879
74.961777	395.584564	11.532817
75.413925	395.358429	11.533754
75.866623	395.131989	11.534695
76.319389	394.905548	11.535633
76.771347	394.679474	11.536573
77.222107	394.45401	11.537508
77.67115	394.229401	11.538441
78.117828	394.00592	11.539368
78.561699	393.783905	11.540289
79.002129	393.563538	11.541203
79.452751	393.338104	11.542138
79.918999	393.104767	11.543106
80.379356	392.87442	11.544061
80.83271	392.647461	11.545
81.278732	392.424164	11.545926
81.716385	392.205017	11.546833
82.14521	391.990234	11.547723
82.58654	391.769196	11.548636
83.072281	391.525818	11.549644
83.541954	391.290344	11.550616
83.994316	391.063477	11.551553
84.428261	390.845734	11.552451
84.842636	390.637695	11.553307
85.283516	390.416168	11.554218
85.795525	390.15863	11.555273
86.260132	389.924561	11.556231
86.673943	389.715698	11.557082
87.05732	389.521637	11.557867
87.629448	389.229797	11.55903
87.890816	389.092102	11.55954
88.177521	388.936981	11.560081
88.733299	388.639252	11.561146
89.180328	388.40033	11.562005
89.561111	388.197021	11.562737
89.98365	387.971558	11.563551
90.445717	387.725098	11.564441
90.945503	387.458649	11.565404
91.444199	387.192871	11.566364
91.839119	386.982452	11.567126
92.249916	386.763611	11.567919
92.675896	386.536713	11.56874
93.116463	386.302032	11.56959
93.570679	386.06012	11.570466
94.037888	385.811279	11.571367
94.517456	385.555939	11.572292
94.975601	385.312012	11.573177
95.393356	385.0896	11.573983
95.818336	384.863281	11.574803
96.250114	384.633423	11.575637
96.688377	384.400055	11.576483
97.1325	384.163696	11.577338
97.582169	383.924286	11.578208
98.037071	383.682129	11.579086
98.496544	383.437561	11.579973
98.958961	383.191406	11.580867
99.3909	382.961426	11.581699
99.825798	382.72995	11.582539
100.263184	382.497101	11.583383
100.703064	382.26297	11.584232
101.14492	382.027771	11.585085
101.588295	381.791748	11.585941
102.033218	381.554901	11.586799
102.47892	381.317657	11.587661
102.925568	381.079865	11.588523
103.372475	380.84198	11.589386
103.819313	380.604095	11.590246
104.266014	380.366272	11.591109
104.711891	380.128906	11.591969
105.157051	379.891876	11.59283
105.600876	379.655548	11.593685
106.042946	379.420197	11.59454
106.483261	379.18573	11.595387
106.921112	378.952545	11.596234
107.35656	378.720703	11.597074
107.78904	378.490356	11.597907
108.244858	378.247559	11.598786
108.705215	378.00235	11.599675
109.160934	377.759644	11.600554
109.611794	377.51944	11.601424
110.057007	377.282257	11.602283
110.496384	377.048157	11.603129
110.929588	376.817322	11.603965
111.355957	376.590057	11.604787
111.775154	376.366638	11.605595
112.217911	376.130615	11.606447
112.69986	375.873688	11.607376
113.169624	375.623169	11.608281
113.626656	375.379395	11.609159
114.069939	375.142975	11.610014
114.498848	374.914063	11.610841
114.912788	374.693115	11.611637
115.310951	374.480591	11.612402
115.781113	374.229431	11.613305
116.288177	373.958435	11.61428
116.75824	373.707031	11.615182
117.189041	373.47644	11.616008
117.578575	373.267731	11.616755
117.952187	373.067169	11.617468
118.561073	372.739166	11.618624
118.906029	372.550964	11.619271
119.123474	372.430023	11.619666
119.635368	372.155548	11.620646
120.06498	371.927338	11.621478
120.468613	371.713623	11.622262
120.924408	371.472839	11.623151
121.42849	371.206909	11.624134
121.86834	370.975098	11.624993
122.278984	370.75882	11.625797
122.709587	370.532166	11.626639
123.158958	370.295776	11.627521
123.625801	370.050293	11.628435
124.108803	369.796387	11.629382
124.53392	369.573029	11.630216
124.960564	369.348938	11.631053
125.396149	369.120148	11.631907
125.839897	368.887146	11.632778
126.291168	368.650146	11.633664
126.749077	368.40979	11.634564
127.212494	368.166504	11.635473
127.646423	367.938751	11.636326
128.084152	367.709045	11.637186
128.525055	367.4776	11.638051
128.968674	367.244843	11.638925
129.414398	367.010925	11.639799
129.861557	366.776276	11.640677
130.309555	366.541229	11.641558
130.757675	366.306122	11.642439
131.205597	366.071075	11.643319
131.652557	365.836517	11.644197
132.097961	365.602814	11.645072
132.541153	365.37027	11.645942
132.981689	365.139008	11.646809
133.418945	364.909515	11.647667
133.856934	364.679626	11.648527
134.319962	364.436646	11.649436
134.776917	364.196716	11.650334
135.227036	363.960358	11.651217
135.669601	363.727966	11.652086
136.103882	363.499878	11.652938
136.529037	363.27652	11.653771
136.964722	363.047577	11.654628
137.445297	362.794861	11.655568
137.909515	362.550781	11.656478
138.356171	362.315826	11.657353
138.783768	362.090729	11.658191
139.191147	361.876251	11.658988
139.650284	361.634216	11.659883
140.147263	361.371979	11.660854
140.595139	361.135254	11.661726
140.990509	360.925842	11.662494
141.461044	360.675659	11.663404
141.925919	360.425629	11.66429
142.178558	360.282104	11.664738
142.6716	359.999359	11.665597
143.059097	359.777557	11.666275
143.51889	359.514679	11.66708
143.96431	359.260101	11.667861
144.378647	359.023346	11.668588
144.820908	358.770691	11.669364
145.288147	358.503906	11.670183
145.704605	358.266052	11.670914
146.132126	358.021942	11.671665
146.571762	357.770966	11.672437
147.021439	357.514221	11.673226
147.454971	357.266663	11.673987
147.886292	357.020447	11.674745
148.32164	356.771912	11.67551
148.759705	356.521881	11.676279
149.198868	356.271149	11.677051
149.637756	356.02063	11.677822
150.074783	355.771118	11.678589
150.50853	355.523499	11.67935
150.937469	355.278656	11.680103
151.382172	355.02475	11.680883
151.827484	354.770538	11.681666
152.261948	354.522491	11.682429
152.683685	354.281647	11.683168
153.124969	354.029602	11.683945
153.58139	353.76889	11.684745
154.011688	353.523071	11.685499
154.412689	353.293976	11.686202
154.896423	353.017456	11.687051
155.325073	352.772308	11.687801
155.762421	352.52182	11.688565
156.154083	352.2966	11.689246
156.492828	352.09256	11.689793
156.957718	351.807373	11.690518
157.354858	351.562408	11.691133
157.815445	351.277771	11.691844
158.248886	351.009369	11.69251
158.651459	350.759705	11.693128
159.079041	350.494354	11.693782
159.52919	350.214722	11.69447
159.960297	349.946777	11.695127
160.370834	349.691437	11.695753
160.792862	349.428741	11.696396
161.224976	349.159668	11.697053
161.66568	348.885071	11.697723
162.089035	348.621155	11.698365
162.509659	348.358826	11.699003
162.934036	348.094025	11.699647
163.361145	347.827332	11.700293
163.789703	347.559723	11.700942
164.218719	347.291565	11.701589
164.647003	347.023834	11.702236
165.073334	346.757141	11.702879
165.496613	346.492126	11.703518
165.915604	346.229706	11.704147
166.344193	345.961121	11.704792
166.782318	345.686371	11.705449
167.211227	345.417114	11.706091
167.6297	345.154236	11.706718
168.036301	344.89859	11.707325
168.478256	344.620331	11.707984
168.921692	344.34082	11.708644
169.341614	344.075623	11.709265
169.735916	343.826172	11.709847
170.18837	343.539185	11.710512
170.631302	343.25705	11.711157
171.008926	343.015106	11.711701
171.491455	342.701569	11.712377
171.755219	342.519745	11.712696
172.130325	342.246002	11.713086
172.581467	341.916748	11.713552
172.942123	341.653473	11.713925
173.354233	341.352692	11.714353
173.813721	341.017303	11.714828
174.20787	340.729675	11.715237
174.58638	340.453339	11.715629
174.984436	340.162842	11.716041
175.400452	339.859222	11.716472
175.833099	339.543427	11.716919
176.247787	339.240814	11.717348
176.634201	338.958771	11.717749
177.029739	338.670044	11.718159
177.433533	338.375336	11.718576
177.844788	338.075134	11.719003
178.262665	337.770203	11.719435
178.680603	337.465149	11.719868
179.077286	337.175568	11.72028
179.477707	336.883362	11.720693
179.880997	336.588989	11.72111
180.286728	336.292877	11.721531
180.694122	335.995544	11.721952
181.102554	335.697449	11.722375
181.511383	335.399048	11.722798
181.919937	335.100861	11.723223
182.32756	334.803314	11.723643
182.733566	334.507019	11.724065
183.137482	334.212219	11.724483
183.538498	333.919495	11.724897
183.936066	333.629333	11.725309
184.348526	333.328278	11.725736
184.767715	333.022369	11.726171
185.180374	332.721161	11.726598
185.585754	332.425262	11.727017
185.983109	332.135254	11.727427
186.371506	331.851746	11.727832
186.773682	331.558197	11.728248
187.209747	331.23999	11.728699
187.629395	330.933746	11.729133
188.031219	330.64035	11.729549
188.413956	330.361084	11.729946
188.78389	330.091034	11.730329
189.252792	329.748779	11.730814
189.675018	329.440613	11.731251
190.046768	329.16925	11.731637
190.454346	328.871796	11.732058
190.890335	328.553711	11.732509
191.090607	328.406952	11.732715
191.487717	328.113953	11.733111
191.967911	327.758911	11.733587
192.310165	327.505768	11.733927
192.695999	327.220276	11.734309
193.12294	326.904419	11.734733
193.588486	326.559784	11.735192
193.982666	326.268036	11.735582
194.352982	325.993988	11.735949
194.739502	325.707703	11.736329
195.141388	325.410217	11.736727
195.557632	325.10202	11.737139
195.987396	324.783875	11.737562
196.424698	324.460083	11.737994
196.803802	324.179382	11.738369
197.190567	323.893005	11.73875
197.584579	323.601257	11.73914
197.985291	323.304474	11.739534
198.392044	323.003265	11.739936
198.804428	322.697937	11.740344
199.221924	322.388702	11.740755
199.639862	322.079163	11.741168
200.033768	321.787506	11.741556
200.430557	321.493622	11.741948
200.830246	321.197693	11.742342
201.231934	320.900177	11.742739
201.635483	320.601288	11.743137
202.040634	320.301331	11.743537
202.446609	320.00061	11.743937
202.853333	319.699432	11.744339
203.260132	319.398163	11.74474
203.666855	319.096954	11.745141
204.072754	318.796326	11.745542
204.4776	318.496521	11.745942
204.88118	318.197571	11.74634
205.282745	317.900238	11.746736
205.682159	317.604431	11.747129
206.078766	317.31073	11.747521
206.472351	317.019257	11.74791
206.892593	316.708038	11.748325
207.309738	316.39917	11.748736
207.721619	316.094147	11.749143
208.127991	315.793243	11.749544
208.528137	315.496857	11.749939
208.921616	315.205566	11.750328
209.307632	314.919678	11.750709
209.687164	314.638702	11.751083
210.128525	314.31192	11.751519
210.557236	313.994476	11.751943
210.972168	313.687225	11.752354
211.372787	313.390625	11.752748
211.758026	313.105499	11.75313
212.127045	312.832306	11.753493
212.531311	312.533051	11.753894
212.993729	312.190857	11.754351
213.417358	311.87735	11.75477
213.799698	311.594482	11.755149
214.138138	311.344147	11.755485
214.634933	310.976898	11.755979
215.009827	310.700256	11.756352
215.176849	310.576935	11.756518
215.52095	310.318542	11.756843
216.084747	309.893616	11.757364
216.431427	309.631958	11.757686
216.775955	309.371765	11.758001
217.154312	309.085968	11.758349
217.565125	308.775513	11.758728
218.006729	308.441711	11.759133
218.477783	308.085541	11.759565
218.870682	307.788544	11.759925
219.231964	307.51535	11.760256
219.605988	307.232422	11.760598
219.992081	306.94046	11.760952
220.389893	306.639557	11.761315
220.798615	306.330353	11.76169
221.218063	306.013031	11.762074
221.647476	305.688202	11.762466
222.086609	305.355957	11.762868
222.472275	305.064148	11.763221
222.851379	304.777283	11.763567
223.236145	304.486176	11.763918
223.626389	304.190887	11.764276
224.021652	303.891724	11.764636
224.421768	303.588989	11.765002
224.826462	303.282715	11.765372
225.235367	302.973267	11.765745
225.648224	302.660858	11.766123
226.064743	302.345612	11.766503
226.478409	302.032562	11.766882
226.868576	301.737244	11.767238
227.261307	301.440063	11.767596
227.656036	301.141327	11.767957
228.052795	300.841034	11.768319
228.451111	300.539551	11.768682
228.850906	300.236938	11.769048
229.25209	299.933319	11.769414
229.654083	299.629089	11.769782
230.057007	299.324066	11.77015
230.460373	299.018829	11.770517
230.86412	298.713196	11.770886
231.267868	298.407654	11.771255
231.671387	298.102264	11.771624
232.074707	297.796936	11.771992
232.477234	297.49231	11.772359
232.87915	297.18808	11.772727
233.279739	296.884949	11.773091
233.679077	296.582733	11.773457
234.077087	296.281464	11.773821
234.473068	295.98175	11.774182
234.867325	295.68338	11.774542
235.259079	295.386902	11.7749
235.653015	295.088776	11.77526
236.071777	294.77182	11.775643
236.487167	294.457458	11.776021
236.898727	294.145996	11.776398
237.306229	293.837585	11.77677
237.709427	293.53244	11.777139
238.108017	293.230804	11.777503
238.501694	292.932953	11.777863
238.890244	292.638977	11.778217
239.273178	292.349243	11.778568
239.650284	292.063904	11.778913
240.057861	291.755493	11.779284
240.493958	291.425629	11.779683
240.920135	291.103119	11.780074
241.336075	290.788513	11.780454
241.741379	290.481934	11.780825
242.135284	290.183929	11.781186
242.517548	289.894867	11.781535
242.88739	289.615143	11.781875
243.244583	289.345001	11.782202
243.679123	289.016571	11.782599
244.140839	288.667419	11.783025
244.572586	288.341156	11.783422
244.972946	288.038696	11.783789
245.340408	287.761139	11.784125
245.673569	287.509552	11.784433
246.122513	287.170868	11.784847
246.616577	286.798737	11.785306
246.884583	286.597961	11.785562
247.099701	286.438904	11.786406
247.595444	286.06897	11.789504
247.952393	285.802063	11.791919
248.325287	285.523041	11.794512
248.745132	285.20871	11.797485
249.208725	284.86145	11.80081
249.584274	284.580109	11.803529
249.959747	284.298737	11.806263
250.35321	284.003876	11.809143
250.763641	283.696167	11.81216
251.189667	283.376801	11.815303
251.616379	283.056915	11.81846
251.995956	282.772308	11.821276
252.384201	282.481171	11.824162
252.780487	282.184021	11.827111
253.184113	281.881317	11.830122
253.594162	281.573822	11.833183
254.010132	281.26178	11.836293
254.417511	280.95636	11.839342
254.811066	280.661133	11.842289
255.207977	280.363403	11.845263
255.607559	280.063751	11.848259
256.009308	279.762421	11.851272
256.412628	279.45993	11.854298
256.817108	279.156555	11.857334
257.222015	278.852844	11.860373
257.626801	278.549164	11.86341
258.030975	278.246094	11.866443
258.43396	277.943787	11.869466
258.835175	277.642883	11.872476
259.23407	277.343658	11.875466
259.630066	277.046722	11.878432
260.022705	276.752228	11.881371
260.437469	276.441132	11.884475
260.851837	276.130371	11.887571
261.260254	275.824127	11.89062
261.661896	275.522919	11.893614
262.055939	275.227417	11.896547
262.442017	274.937958	11.899415
262.82489	274.650848	11.902254
263.261658	274.323425	11.905483
263.683502	274.007233	11.908591
264.089355	273.703003	11.911572
264.477997	273.411804	11.914412
264.848358	273.134186	11.917106
265.255524	272.829224	11.920046
265.707428	272.490692	11.923277
266.114716	272.18576	11.926148
266.474121	271.916901	11.928633
266.900116	271.598511	11.931473
267.320374	271.285339	11.933957
267.546356	271.119629	11.93498
268.02951	270.766998	11.93932
268.372589	270.516571	11.942807
268.777313	270.221191	11.947088
269.23819	269.884796	11.952093
269.610413	269.613068	11.956203
270.000763	269.328186	11.960556
270.413544	269.026947	11.965198
270.846466	268.710968	11.970099
271.245575	268.419708	11.974641
271.637665	268.133514	11.979122
272.040222	267.839752	11.983738
272.451843	267.539246	11.988469
272.871368	267.233093	11.993303
273.275055	266.938446	11.997961
273.675049	266.646484	12.002585
274.078613	266.35202	12.007255
274.484924	266.05542	12.011959
274.892944	265.757599	12.016686
275.301666	265.45932	12.02142
275.709808	265.161346	12.02615
276.116852	264.864319	12.030864
276.521423	264.569061	12.035546
276.922791	264.276123	12.040187
277.319672	263.986481	12.04477
277.739807	263.679749	12.049614
278.154144	263.37735	12.05438
278.559784	263.08136	12.059035
278.955444	262.792542	12.063561
279.339966	262.511902	12.067945
279.775116	262.194336	12.072882
280.194672	261.888092	12.077612
280.592621	261.597626	12.082063
280.966705	261.324615	12.086207
281.405914	261.003967	12.091003
281.82959	260.694794	12.09553
282.193451	260.429291	12.099284
282.656067	260.091644	12.103675
282.962128	259.869629	12.105396
283.389618	259.613342	12.106092
283.837555	259.376007	12.106961
284.292511	259.148773	12.107908
284.737946	258.934875	12.108874
285.194702	258.722137	12.109894
285.652069	258.514771	12.11094
286.111786	258.311493	12.112017
286.573944	258.112518	12.113122
287.031311	257.921448	12.114243
287.50354	257.731567	12.115432
287.977173	257.552032	12.116678
288.453369	257.393616	12.118027
288.92099	257.288696	12.119582
289.4151	257.211639	12.121377
289.913635	257.156677	12.123293
290.41272	257.119904	12.125293
290.912903	257.099792	12.12737
291.412872	257.096893	12.129529
291.914886	257.11499	12.13179
292.407135	257.173462	12.121169
292.889435	257.297302	12.077429
293.3508	257.47879	12.015671
293.788269	257.711945	11.950455
294.19809	257.992798	11.895827
294.575287	258.31955	11.866709
294.917358	258.684296	11.867651
295.237152	259.06781	11.870778
295.540863	259.464874	11.873899
295.835571	259.868347	11.877007
296.130432	260.271362	11.880116
296.413086	260.642639	11.882892
296.685822	260.992035	11.8748
297.016113	261.415009	11.860838
297.301758	261.780884	11.847724
297.630829	262.202362	11.832006
297.959351	262.622955	11.815911
298.245117	262.989044	11.80167
298.548248	263.37738	11.786394
298.867279	263.785919	11.770161
299.200684	264.213013	11.753067
299.494934	264.589905	11.737893
299.794769	264.973938	11.722358
300.102081	265.367584	11.706377
300.415985	265.769531	11.690001
300.735596	266.178894	11.67328
301.043396	266.573151	11.657145
301.347717	266.962891	11.641166
301.654724	267.35614	11.625023
301.963959	267.752136	11.608752
302.274353	268.149841	11.592403
302.58551	268.548279	11.576015
302.896667	268.946747	11.559628
303.207123	269.344421	11.543281
303.516052	269.740082	11.527023
303.822937	270.133087	11.510893
304.126862	270.522491	11.494931
304.436462	270.918976	11.478704
304.755585	271.32782	11.462012
305.068909	271.729126	11.445668
305.375641	272.121857	11.429725
305.674774	272.505035	11.414233
305.97287	272.886871	11.398867
306.305115	273.312347	11.381845
306.622833	273.719208	11.365694
306.924438	274.105591	11.350505
307.208649	274.469696	11.33636
307.543396	274.898346	11.319983
307.868805	275.315155	11.304486
308.150452	275.675934	11.291613
308.491302	276.112457	11.277392
308.742615	276.434357	11.270582
308.977325	276.738617	11.2659
309.319763	277.185272	11.254172
309.595978	277.546021	11.243679
309.915741	277.963989	11.230976
310.247894	278.398315	11.217391
310.528015	278.764923	11.205716
310.825684	279.154266	11.19316
311.139099	279.564514	11.179798
311.467133	279.993713	11.165703
311.760437	280.377686	11.153012
312.055847	280.764374	11.140172
312.358643	281.160919	11.126953
312.668091	281.565979	11.1134
312.983337	281.978577	11.099557
313.287292	282.376678	11.086174
313.587433	282.769653	11.072934
313.89032	283.16629	11.059558
314.195282	283.565582	11.046077
314.501617	283.966675	11.032527
314.808502	284.368591	11.018945
315.115448	284.770416	11.005366
315.421509	285.171326	10.991826
315.726105	285.570221	10.978359
316.028564	285.96637	10.965002
316.328186	286.358582	10.951795
316.635437	286.760773	10.938273
316.949646	287.172302	10.924476
317.258026	287.576019	10.910975
317.559753	287.970917	10.897818
317.85376	288.355896	10.885044
318.154358	288.749298	10.872055
318.479919	289.175507	10.858076
318.790863	289.582306	10.844846
319.085602	289.968048	10.832432
319.362823	290.330627	10.820911
319.706238	290.779724	10.806916
320.018951	291.188385	10.794573
320.287476	291.539032	10.784469
320.644196	292.004059	10.77264
320.832947	292.248444	10.769684
320.996155	292.462524	10.770644
321.306702	292.871857	10.77216
321.755005	293.464081	10.774191
322.026215	293.822662	10.775382
322.276093	294.153015	10.776464
322.546509	294.510773	10.777624
322.836914	294.894958	10.778858
323.146667	295.304749	10.780165
323.474884	295.739105	10.781542
323.820984	296.197144	10.782985
324.184296	296.67807	10.784492
324.468964	297.054871	10.785668
324.739655	297.413269	10.786786
325.017853	297.781586	10.78793
325.303406	298.159515	10.789102
325.595886	298.546844	10.790298
325.895233	298.943237	10.791523
326.201233	299.348389	10.79277
326.513672	299.762115	10.794044
326.832153	300.183929	10.795341
327.156586	300.613464	10.796658
327.486603	301.050629	10.797996
327.809357	301.477966	10.799303
328.09201	301.852417	10.800447
328.378113	302.231323	10.801603
328.667664	302.614807	10.802774
328.960541	303.002563	10.803956
329.256409	303.394531	10.80515
329.555237	303.790375	10.806355
329.856781	304.189758	10.807569
330.161163	304.592896	10.808794
330.468109	304.999481	10.810029
330.777496	305.409363	10.811275
331.089294	305.822205	10.812527
331.403198	306.238007	10.813787
331.718964	306.656311	10.815056
332.029694	307.067932	10.816303
332.32428	307.45816	10.817485
332.620453	307.850433	10.818674
332.917725	308.244293	10.819865
333.216309	308.639709	10.821063
333.51593	309.036591	10.822263
333.816711	309.43512	10.823469
334.118195	309.834595	10.824677
334.420624	310.235107	10.825889
334.723663	310.636505	10.827103
335.027496	311.039001	10.828321
335.331635	311.441895	10.829537
335.636169	311.845276	10.830756
335.94101	312.249084	10.831977
336.246155	312.653381	10.8332
336.551331	313.057526	10.834421
336.856323	313.4617	10.835643
337.161316	313.865692	10.836864
337.466095	314.269379	10.838083
337.770782	314.67276	10.839304
338.074677	315.075531	10.840521
338.378113	315.477539	10.841737
338.681	315.878632	10.842949
338.983185	316.279053	10.84416
339.284515	316.678131	10.845367
339.584747	317.075897	10.846572
339.884064	317.472351	10.847771
340.182343	317.867493	10.848967
340.479218	318.260681	10.850159
340.774689	318.652191	10.851344
341.070313	319.043732	10.85253
341.387421	319.463715	10.853803
341.702637	319.881256	10.855068
342.015839	320.296051	10.856327
342.326721	320.707947	10.857578
342.635315	321.11676	10.858818
342.941254	321.521912	10.860048
343.244751	321.923889	10.861272
343.545471	322.322205	10.862483
343.843353	322.716736	10.863684
344.138123	323.107208	10.864874
344.429749	323.493439	10.866051
344.718201	323.875397	10.867216
345.003204	324.252869	10.86837
345.291412	324.634613	10.869537
345.625061	325.076447	10.870889
345.953186	325.511047	10.87222
346.275543	325.937988	10.87353
346.59201	326.356995	10.874818
346.9021	326.7677	10.876081
347.205994	327.170074	10.877321
347.503113	327.563324	10.878537
347.793182	327.947479	10.879726
348.076233	328.322174	10.880888
348.351959	328.687012	10.882023
348.619995	329.041931	10.88313
348.940063	329.465759	10.884456
349.297577	329.938873	10.885941
349.637634	330.388977	10.887362
349.959595	330.81488	10.888715
350.262634	331.215973	10.889997
350.546234	331.591156	10.891206
350.809753	331.939636	10.892339
351.052582	332.260468	10.893394
351.41156	332.735199	10.894985
351.81366	333.266052	10.896842
352.074615	333.609833	10.898172
352.189758	333.759949	10.898973
352.361542	333.988281	10.900753
352.693756	334.434357	10.904218
353.099762	334.981384	10.908458
353.336945	335.301361	10.910938
353.597961	335.653656	10.91367
353.882019	336.03717	10.91664
354.187958	336.450409	10.919841
354.514923	336.892212	10.923264
354.86203	337.361511	10.926897
355.185944	337.799316	10.930288
355.451172	338.15799	10.933065
355.72522	338.528503	10.935934
356.007477	338.910309	10.938889
356.297882	339.30304	10.94193
356.5961	339.706451	10.945052
356.901642	340.119843	10.948253
357.214355	340.54303	10.95153
357.533966	340.975372	10.954875
357.860077	341.416595	10.958291
358.161713	341.82489	10.961452
358.442505	342.204803	10.964392
358.727112	342.589905	10.967373
359.015533	342.980255	10.970394
359.307404	343.375305	10.973452
359.602814	343.775177	10.976546
359.901489	344.179413	10.979675
360.202972	344.587585	10.982834
360.507568	344.999786	10.986025
360.814606	345.415497	10.989242
361.124298	345.834808	10.992488
361.43631	346.257019	10.995754
361.732635	346.658203	10.998859
362.0242	347.052856	11.001914
362.317169	347.449646	11.004984
362.611633	347.848328	11.00807
362.907349	348.248505	11.011167
363.204285	348.650421	11.014277
363.502106	349.053711	11.017399
363.800781	349.45813	11.020529
364.10022	349.863495	11.023664
364.400299	350.269684	11.026809
364.700684	350.676483	11.029956
365.001404	351.083557	11.033108
365.302338	351.490906	11.036259
365.60318	351.898285	11.039412
365.903809	352.305237	11.042561
366.204224	352.712067	11.045711
366.504303	353.118286	11.048854
366.803833	353.523773	11.051992
367.102661	353.928314	11.055123
367.400604	354.331818	11.058245
367.697662	354.733887	11.061356
367.993591	355.134521	11.064457
368.288269	355.533417	11.067544
368.58139	355.930267	11.070615
368.873108	356.325226	11.073671
369.166473	356.72226	11.076745
369.478821	357.145142	11.080017
369.788727	357.564667	11.083264
370.096313	357.981018	11.086487
370.401245	358.393738	11.08968
370.703125	358.80249	11.092844
371.002106	359.207245	11.095976
371.297882	359.607483	11.099074
371.590302	360.003387	11.102139
371.879211	360.394196	11.105164
372.164459	360.780182	11.10815
372.445618	361.160858	11.111098
372.740631	361.559906	11.114186
373.067657	362.002411	11.117612
373.38797	362.435944	11.120967
373.70163	362.86026	11.124252
374.00827	363.275116	11.127463
374.307343	363.679688	11.130595
374.598816	364.073792	11.133647
374.882172	364.457214	11.136615
375.157257	364.829163	11.139494
375.423676	365.189362	11.142283
375.734772	365.609985	11.14554
376.084595	366.082733	11.149202
376.414276	366.528259	11.152654
376.723053	366.945435	11.155884
377.009979	367.332916	11.158887
377.274139	367.689362	11.161649
377.514435	368.013794	11.164163
377.895233	368.526825	11.16814
378.24765	369.000427	11.171815
378.441315	369.258453	11.173826
378.628662	369.502594	11.175747
378.967346	369.949066	11.179239
379.244751	370.316254	11.182109
379.569916	370.74707	11.185472
379.872894	371.148987	11.188609
380.160858	371.531006	11.19159
380.467255	371.937836	11.194764
380.790314	372.366974	11.198112
381.081238	372.753571	11.201128
381.37616	373.145416	11.204182
381.679199	373.548035	11.207323
381.989136	373.960022	11.210536
382.293884	374.365173	11.213694
382.591309	374.760529	11.216777
382.891785	375.160004	11.219893
383.194275	375.562256	11.223028
383.498047	375.966217	11.226178
383.802094	376.370392	11.229328
384.105469	376.773651	11.232472
384.407166	377.174713	11.2356
384.706238	377.572418	11.238701
385.001801	377.965332	11.241765
385.31485	378.38147	11.245009
385.621552	378.789093	11.248188
385.920685	379.186584	11.251288
386.211151	379.572449	11.254298
386.521149	379.984314	11.257511
386.836395	380.402985	11.260777
387.134064	380.798035	11.26386
387.41217	381.167053	11.266739
387.746307	381.610077	11.270196
388.048828	382.01062	11.273324
388.331787	382.384796	11.276249
388.647797	382.799652	11.2795
388.885315	383.172211	11.28222
389.062103	383.639221	11.285108
389.173035	384.128052	11.287805
389.23819	384.624023	11.290338
389.270447	385.123627	11.292744
389.2771	385.624329	11.295044
389.262878	386.12619	11.297256
389.21344	386.616791	11.299265
389.109772	387.105774	11.301029
388.969299	387.587524	11.302601
388.798828	388.058594	11.303994
388.598511	388.518066	11.305203
388.364441	388.961792	11.306197
388.088348	389.376984	11.306878
387.790527	389.7034	11.306213
387.390381	390.084961	11.288858
387.072113	390.388428	11.271664
386.692657	390.750153	11.249835
386.323029	391.102661	11.227781
385.975616	391.43399	11.206606
385.603912	391.788391	11.183613
385.224274	392.15033	11.159868
384.875763	392.482635	11.137893
384.515778	392.825928	11.115041
384.145691	393.178864	11.09145
383.776001	393.531311	11.06779
383.418579	393.872192	11.044853
383.057037	394.216858	11.02161
382.69281	394.564209	10.998164
382.327332	394.91275	10.974624
381.961945	395.261078	10.951096
381.598267	395.60791	10.927688
381.237488	395.951904	10.904504
380.881256	396.291595	10.881658
380.507111	396.648468	10.857724
380.13913	396.999207	10.834298
379.781708	397.340057	10.811646
379.435455	397.670227	10.789846
379.047272	398.040466	10.765615
378.681091	398.389648	10.743033
378.339844	398.714996	10.722322
377.953125	399.083618	10.699419
377.588287	399.43158	10.678673
377.230469	399.772766	10.659953
376.899689	400.088104	10.6478
376.551544	400.424103	10.647801
376.194366	400.776703	10.647849
375.840546	401.134277	10.647932
375.491486	401.496216	10.648056
375.149139	401.862152	10.64823
374.814209	402.234039	10.64846
374.48764	402.615845	10.648771
374.175446	403.009521	10.6492
373.89093	403.419525	10.649824
373.678741	403.849731	10.650852
373.556549	404.334015	10.652514
373.467651	404.830719	10.65438
373.394043	405.331696	10.65633
373.330536	405.82901	10.658308
373.273346	406.325928	10.660311
373.220612	406.82663	10.662351
373.171783	407.322815	10.664387
373.125214	407.825836	10.666465
373.080933	408.329254	10.668552
373.038116	408.830994	10.670641
372.995544	409.334198	10.672734
372.956787	409.71402	10.672163
372.884674	410.286316	10.664736
372.827087	410.728271	10.657995
372.758423	411.247894	10.649607
372.688049	411.775421	10.640783
372.625854	412.239685	10.632849
372.559296	412.734406	10.624269
372.488831	413.256622	10.615104
372.420227	413.764099	10.606118
372.355377	414.242737	10.597586
372.288513	414.735229	10.588758
372.220001	415.239716	10.579673
372.149902	415.754639	10.570369
372.083038	416.246368	10.56146
372.016174	416.738129	10.55253
371.948517	417.234406	10.543507
371.880524	417.733612	10.534419
371.812164	418.234528	10.525296
371.743988	418.735565	10.51617
371.675842	419.235413	10.507071
371.608124	419.732574	10.498027
371.541016	420.225708	10.48907
371.474609	420.713257	10.480229
371.404755	421.226624	10.470945
371.335846	421.734039	10.461802
371.268585	422.229919	10.452903
371.203278	422.712219	10.444289
371.136871	423.202606	10.435588
371.065369	423.731598	10.426282
370.997711	424.233856	10.41754
370.934357	424.70636	10.409431
370.867889	425.204315	10.401047
370.796478	425.743103	10.392251
370.73584	426.206177	10.385063
370.666565	426.749481	10.377559
370.622955	427.132935	10.374912
370.575226	427.65152	10.377053
370.533752	428.102386	10.378916
370.483521	428.648163	10.381171
370.440765	429.113434	10.383094
370.394287	429.619507	10.385185
370.347015	430.133118	10.387307
370.302246	430.619415	10.389317
370.25592	431.123596	10.391398
370.209137	431.63327	10.393504
370.163666	432.126617	10.395543
370.117737	432.62619	10.397607
370.071564	433.129059	10.399685
370.025238	433.632111	10.401762
369.979279	434.132202	10.403831
369.933746	434.626617	10.405872
369.887177	435.13324	10.407966
369.840698	435.639526	10.410058
369.795685	436.128387	10.412077
369.749054	436.635468	10.414172
369.702087	437.146484	10.416284
369.658813	437.617401	10.41823
369.609283	438.155396	10.420451
369.566711	438.618195	10.422364
369.518188	439.146423	10.424547
369.462952	439.598572	10.426357
369.382263	440.087341	10.428223
369.29187	440.574646	10.430037
369.19281	441.068939	10.431849
369.087189	441.564514	10.433638
368.977325	442.05072	10.435364
368.860077	442.540741	10.437077
368.736938	443.024292	10.438734
368.60318	443.513	10.44037
368.458984	443.994476	10.441926
368.301239	444.462097	10.443361
368.113434	444.921875	10.44463
367.850922	445.336792	10.445371
367.51297	445.708435	10.445585
367.156647	446.064606	10.445652
366.792969	446.407227	10.445623
366.420624	446.742188	10.445522
366.040771	447.069885	10.445357
365.653961	447.389587	10.445125
365.260681	447.697632	10.444812
364.883362	447.970886	10.444015
364.470612	448.27594	10.432263
364.080078	448.571625	10.417101
363.67804	448.878571	10.40002
363.280151	449.183716	10.382312
362.876465	449.494202	10.363828
362.484772	449.796082	10.345564
362.078033	450.109955	10.326367
361.686157	450.412567	10.30773
361.289276	450.719208	10.288764
360.889923	451.027802	10.269653
360.491791	451.335419	10.250617
360.098419	451.639282	10.231873
359.695465	451.950317	10.212797
359.298279	452.256561	10.194198
358.905762	452.558655	10.176101
358.496796	452.872711	10.157698
358.114044	453.165466	10.141127
357.696228	453.482788	10.124275
357.285065	453.79007	10.110614
357.010681	453.985992	10.107563
356.584686	454.291779	10.107099
356.157104	454.600433	10.10664
355.791473	454.864838	10.10625
355.376801	455.165039	10.105809
354.916473	455.498505	10.105322
354.514832	455.789642	10.104897
354.138031	456.062836	10.104498
353.74234	456.349823	10.10408
353.329285	456.649536	10.103644
352.899902	456.96109	10.103191
352.464203	457.277344	10.102733
352.08078	457.555664	10.102327
351.688354	457.840546	10.101915
351.287659	458.1315	10.101493
350.879456	458.427856	10.101063
350.4646	458.729126	10.100627
350.043671	459.03479	10.100184
349.633362	459.332794	10.099752
349.234985	459.622101	10.099333
348.833282	459.91394	10.098911
348.428833	460.207672	10.098485
348.022095	460.502991	10.098058
347.614044	460.799438	10.09763
347.204834	461.09671	10.097198
346.795319	461.394196	10.096767
346.386017	461.691437	10.096337
345.977417	461.98819	10.095908
345.570313	462.283936	10.09548
345.16507	462.578308	10.095054
344.762421	462.870697	10.09463
344.362976	463.160889	10.09421
343.961151	463.452698	10.093787
343.538513	463.759674	10.093343
343.121704	464.062347	10.092904
342.711243	464.360291	10.092472
342.308289	464.652954	10.092048
341.913208	464.939758	10.091632
341.526855	465.220215	10.091226
341.109436	465.523102	10.090785
340.675293	465.838196	10.090327
340.257111	466.141632	10.089887
339.855865	466.432648	10.089462
339.473114	466.710236	10.089058
339.108185	466.974823	10.088671
338.63446	467.318024	10.08817
338.205139	467.628906	10.087714
337.823975	467.904663	10.087309
337.476563	468.155701	10.086937
336.963806	468.524689	10.086382
336.730865	468.689758	10.086118
336.401001	468.924835	10.085751
335.88266	469.296875	10.085185
335.544128	469.540222	10.084819
335.159119	469.817322	10.084402
334.730377	470.126007	10.083939
334.260681	470.464355	10.083432
333.8685	470.746735	10.083009
333.49234	471.017731	10.082603
333.099121	471.300995	10.082179
332.68985	471.595856	10.081738
332.265472	471.901581	10.081281
331.827026	472.217377	10.080808
331.412323	472.516083	10.080359
331.025604	472.794556	10.079943
330.63092	473.078766	10.079515
330.228821	473.368256	10.079082
329.820068	473.662567	10.07864
329.40506	473.961304	10.078192
328.984528	474.264008	10.077737
328.559448	474.569885	10.077276
328.161804	474.855927	10.076846
327.760864	475.144287	10.076411
327.357086	475.434662	10.075974
326.950958	475.726654	10.075533
326.542816	476.019989	10.07509
326.133301	476.314301	10.074645
325.722717	476.609253	10.074199
325.311584	476.90451	10.073751
324.900391	477.199768	10.073303
324.489594	477.494598	10.072856
324.07959	477.788727	10.072408
323.671021	478.081787	10.071962
323.26416	478.373505	10.071516
322.859589	478.663422	10.071073
322.457703	478.951263	10.070632
322.059021	479.236694	10.070195
321.636902	479.538788	10.06973
321.214539	479.840759	10.069265
320.797791	480.138672	10.068804
320.386993	480.432007	10.06835
319.982849	480.720551	10.067902
319.585907	481.00354	10.067461
319.196655	481.280914	10.067027
318.788696	481.57132	10.066571
318.346466	481.885681	10.066075
317.91803	482.189911	10.065593
317.504456	482.483063	10.065125
317.10672	482.764587	10.064673
316.725922	483.033508	10.06424
316.346619	483.300842	10.063804
315.867889	483.637085	10.063247
315.429504	483.943512	10.062733
315.034393	484.218201	10.062262
314.685364	484.458832	10.061835
314.177734	484.802795	10.06119
313.802795	485.042969	10.06065
313.50824	485.194122	10.060056
313.03653	485.44519	10.059144
312.608612	485.676788	10.058336
312.133362	485.935913	10.057446
311.720398	486.162109	10.056677
311.275452	486.406555	10.055853
310.812988	486.661011	10.054996
310.390961	486.893585	10.054218
309.953888	487.134827	10.053412
309.504272	487.383087	10.052586
309.062714	487.627106	10.051773
308.628052	487.867401	10.050975
308.188751	488.110291	10.050168
307.746979	488.354675	10.049356
307.304535	488.599457	10.048544
306.863617	488.843262	10.047733
306.426147	489.085144	10.046929
305.994263	489.323883	10.046135
305.542603	489.573395	10.045305
305.098267	489.818695	10.044486
304.667633	490.056213	10.043693
304.232056	490.296173	10.042888
303.771118	490.549591	10.042035
303.340027	490.786072	10.041234
302.909851	491.021332	10.040432
302.439514	491.2771	10.039548
302.048615	491.48764	10.038804
301.566772	491.739838	10.037855
301.248688	491.898041	10.03719
300.747162	492.157654	10.036189
300.342621	492.369293	10.035391
299.870178	492.617462	10.034463
299.410828	492.859406	10.033566
298.993378	493.079681	10.032751
298.549316	493.314331	10.031885
298.081055	493.562012	10.030973
297.633606	493.798859	10.030104
297.205688	494.025543	10.029273
296.765625	494.258667	10.028419
296.314972	494.49765	10.027545
295.855408	494.741364	10.026653
295.418427	494.973206	10.025805
294.979736	495.205963	10.024955
294.53717	495.440735	10.024097
294.091888	495.677032	10.023234
293.645233	495.914124	10.022369
293.198486	496.151245	10.021502
292.752838	496.387726	10.020638
292.309509	496.622955	10.01978
291.869812	496.856232	10.018928
291.434967	497.086945	10.018085
290.977753	497.329376	10.017199
290.524933	497.569489	10.016319
290.082245	497.804138	10.015461
289.651337	498.032379	10.014624
289.217682	498.262024	10.013781
288.744202	498.512482	10.01286
288.294189	498.750305	10.011983
287.8703	498.97406	10.011156
287.435394	499.203278	10.010305
286.948059	499.459473	10.00935
286.527069	499.679901	10.008521
286.057129	499.923981	10.007586
285.680298	500.114166	10.006811
285.241486	500.326599	10.005868
284.797241	500.544922	10.004929
284.352722	500.763611	10.003988
283.889313	500.990814	10.003005
283.447388	501.206329	10.002063
282.989197	501.428345	10.001079
282.540222	501.644135	10.000106
282.085144	501.860657	9.99911
281.629669	502.074707	9.998101
281.177673	502.283844	9.997087
280.71405	502.494171	9.996026
280.260406	502.694489	9.994963
279.792206	502.893188	9.993831
279.319672	503.080994	9.992629
278.84903	503.243103	9.99132
278.386139	503.325378	9.989681
277.881256	503.339294	9.987552
277.381561	503.325134	9.985318
276.882111	503.292023	9.982999
276.383148	503.24295	9.98061
275.885925	503.178558	9.978159
275.392548	503.09726	9.975649
274.901917	502.992737	9.973044
274.436707	502.845856	9.966832
273.985809	502.61496	9.941854
273.567078	502.346252	9.908763
273.166016	502.049133	9.87211
272.782562	501.729584	9.834485
272.417786	501.389526	9.797679
272.073639	501.027802	9.763269
271.755585	500.642334	9.733307
271.474518	500.229675	9.710894
271.256378	499.797241	9.70137
271.114227	499.446716	9.69483
270.87912	498.867065	9.679106
270.720612	498.476318	9.667509
270.539825	498.030548	9.653795
270.338104	497.533203	9.638107
270.12793	497.015076	9.621469
269.95697	496.593506	9.607768
269.777069	496.149902	9.593237
269.588806	495.685699	9.577926
269.3927	495.202179	9.561894
269.18927	494.700836	9.545194
269.005524	494.24765	9.530048
268.824738	493.801788	9.515113
268.639832	493.346008	9.499813
268.451172	492.88092	9.484179
268.259186	492.40744	9.468244
268.064117	491.926392	9.452044
267.871887	491.452484	9.436076
267.687714	490.998505	9.420778
267.50174	490.539948	9.405334
267.31427	490.077728	9.389769
267.125458	489.612244	9.37411
266.935669	489.144196	9.358381
266.745087	488.674286	9.342608
266.554932	488.205444	9.326896
266.366028	487.739838	9.311318
266.177155	487.274139	9.295774
265.988556	486.809052	9.280284
265.800446	486.345215	9.264875
265.612976	485.883118	9.249571
265.426575	485.423431	9.234397
265.23819	484.958984	9.219122
265.044342	484.481049	9.203467
264.852478	484.007874	9.188042
264.66272	483.540192	9.172873
264.475555	483.078674	9.157991
264.291229	482.624054	9.143425
264.109894	482.177063	9.129201
263.916718	481.700775	9.114167
263.718323	481.211792	9.098878
263.525238	480.735687	9.084161
263.33783	480.27359	9.070055
263.156525	479.82663	9.056607
262.981842	479.395782	9.043858
262.779419	478.896698	9.029403
262.576965	478.397644	9.015362
262.387817	477.931274	9.002724
262.212952	477.500092	8.991577
262.03598	477.063751	8.981033
261.813568	476.515503	8.969416
261.638092	476.082855	8.962671
261.483887	475.702057	8.960627
261.298462	475.237671	8.95946
261.115143	474.772339	8.958437
260.933105	474.305939	8.957523
260.752136	473.839905	8.956688
260.570984	473.373352	8.955901
260.389343	472.907318	8.955132
260.206543	472.441864	8.954352
260.021698	471.976715	8.953533
259.834351	471.513031	8.952645
259.643616	471.050507	8.951655
259.44873	470.589447	8.950532
259.24939	470.131622	8.949241
259.043335	469.674286	8.947737
258.832214	469.223816	8.945993
258.610809	468.772217	8.943932
258.381805	468.328491	8.941527
258.14212	467.889984	8.938704
257.896759	467.457367	8.935539
257.655243	467.018982	8.932318
257.416565	466.579315	8.929029
257.176666	466.139954	8.925615
256.932617	465.704437	8.922035
256.678772	465.271851	8.918204
256.413086	464.848663	8.914092
256.130676	464.436859	8.909621
255.825836	464.039246	8.904703
255.496933	463.664368	8.899316
255.138718	463.316589	8.893377
254.749969	463.004089	8.886877
254.331299	462.734589	8.879831
253.88208	462.512634	8.872244
253.417404	462.345642	8.864379
252.932007	462.227722	8.85617
252.441849	462.134827	8.848053
251.948334	462.0578	8.840039
251.448883	461.996124	8.832026
250.953415	461.950836	8.824127
250.451462	461.921082	8.816144
249.953094	461.907715	8.808208
249.452316	461.910522	8.800198
248.951767	461.930145	8.792137
248.454742	461.966553	8.78406
247.953796	462.020844	8.775832
247.463028	462.091827	8.767667
246.967041	462.182098	8.759299
246.482239	462.289063	8.750989
245.998016	462.415344	8.742545
245.517944	462.560608	8.73402
245.048721	462.722992	8.725521
244.579269	462.906799	8.716842
244.125092	463.106049	8.708259
243.676346	463.325043	8.699583
243.231934	463.56488	8.690783
242.808029	463.816467	8.682177
242.38739	464.089722	8.673415
241.95314	464.396637	8.664134
241.526154	464.704681	8.654946
241.156769	464.971771	8.64699
240.734039	465.278687	8.637871
240.3517	465.55838	8.629603
239.94989	465.85556	8.620884
239.563965	466.144592	8.612481
239.164383	466.44632	8.603765
238.783249	466.735382	8.595444
238.375763	467.044678	8.586552
238.005798	467.325378	8.578482
237.583023	467.645844	8.569263
237.198029	467.937408	8.560874
236.82666	468.218262	8.552784
236.41951	468.52597	8.543921
235.973923	468.862335	8.534225
235.611267	469.135834	8.526334
235.242126	469.414063	8.518304
234.849701	469.709595	8.509772
234.432938	470.023285	8.500712
233.990997	470.355682	8.491107
233.600998	470.648773	8.482635
233.239578	470.920349	8.474781
232.862747	471.203278	8.466597
232.470215	471.497925	8.458071
232.061539	471.804596	8.449197
231.63623	472.123505	8.439963
231.194122	472.454956	8.430366
230.796143	472.753204	8.421728
230.434891	473.023804	8.413888
230.063171	473.302185	8.40582
229.680679	473.588531	8.397521
229.287323	473.882965	8.388988
228.883026	474.185547	8.380214
228.467392	474.496429	8.371198
228.040283	474.815857	8.361936
227.6017	475.143829	8.352422
227.182312	475.457306	8.343326
226.825439	475.723999	8.335588
226.459824	475.997345	8.327659
226.085556	476.277191	8.31954
225.702667	476.563354	8.311236
225.311462	476.855896	8.302752
224.91185	477.154663	8.294086
224.50412	477.459534	8.285243
224.088333	477.770416	8.276225
223.66478	478.087128	8.267037
223.233337	478.40976	8.257681
222.794312	478.738068	8.248159
222.373108	479.05304	8.239024
222.002594	479.330139	8.230988
221.627274	479.61084	8.222847
221.247086	479.895233	8.214602
220.862167	480.183075	8.206253
220.472549	480.474457	8.197803
220.078415	480.769196	8.189254
219.679749	481.067413	8.180607
219.276611	481.368896	8.171864
218.86911	481.673676	8.163025
218.457397	481.981628	8.154095
218.041336	482.292816	8.145072
217.621185	482.607086	8.135959
217.19693	482.924438	8.126757
216.768646	483.244751	8.117468
216.372208	483.54129	8.108869
215.991302	483.826172	8.100608
215.607483	484.113281	8.092284
215.22084	484.402435	8.083898
214.831299	484.693817	8.075449
214.439041	484.987213	8.06694
214.044037	485.282654	8.058373
213.646378	485.580139	8.049748
213.246063	485.879517	8.041066
212.843185	486.180939	8.032328
212.43779	486.484161	8.023535
212.029816	486.789337	8.014688
211.619431	487.096252	8.005787
211.206696	487.404999	7.996835
210.791611	487.715454	7.987832
210.374191	488.027679	7.978779
209.954544	488.341553	7.969677
209.564896	488.633026	7.961226
209.176773	488.923279	7.952809
208.786972	489.214844	7.944355
208.395325	489.507751	7.935862
208.00209	489.801849	7.927332
207.607162	490.097321	7.918766
207.210556	490.393921	7.910165
206.812393	490.691772	7.901531
206.412704	490.990692	7.892862
206.011459	491.290771	7.88416
205.608719	491.591949	7.875426
205.20462	491.894257	7.866661
204.799042	492.197571	7.857865
204.39209	492.501953	7.84904
203.983841	492.807251	7.840186
203.57431	493.113586	7.831304
203.163452	493.420807	7.822394
202.751465	493.728943	7.813459
202.350952	494.028412	7.804773
201.957718	494.322601	7.796244
201.563416	494.617401	7.787694
201.168137	494.913025	7.779121
200.771927	495.209351	7.770529
200.374817	495.506317	7.761917
199.976807	495.803925	7.753286
199.577988	496.102264	7.744636
199.178421	496.401031	7.735971
198.777939	496.7005	7.727286
198.37674	497.000488	7.718586
197.974823	497.301086	7.70987
197.572159	497.602142	7.701139
197.168884	497.903656	7.692394
196.764969	498.205688	7.683634
196.360489	498.508148	7.674862
195.955368	498.811096	7.666078
195.549866	499.114288	7.657284
195.143768	499.417969	7.648478
194.739975	499.719879	7.639722
194.341537	500.017761	7.631083
193.942749	500.315918	7.622434
193.543655	500.614319	7.61378
193.144119	500.912994	7.605117
192.744354	501.211853	7.596447
192.344269	501.511017	7.587773
191.943924	501.810303	7.579092
191.543488	502.10968	7.570407
191.142715	502.409271	7.561718
190.741806	502.708984	7.553025
190.340881	503.008728	7.544331
189.939697	503.308594	7.535633
189.538498	503.60849	7.526933
189.13736	503.908417	7.518235
188.736069	504.208344	7.509535
188.334824	504.50827	7.500834
187.933731	504.808105	7.492137
187.532593	505.10791	7.48344
187.131653	505.407562	7.474747
186.728928	505.708618	7.466014
186.325287	506.010315	7.457263
185.921844	506.311798	7.448515
185.51857	506.613159	7.439773
185.115601	506.914368	7.431036
184.712982	507.215302	7.422306
184.310608	507.515961	7.413583
183.908569	507.816406	7.404866
183.506927	508.116516	7.396159
183.105682	508.416351	7.38746
182.705017	508.715759	7.378773
182.304703	509.014923	7.370094
181.904892	509.31366	7.361426
181.505569	509.61203	7.352769
181.106812	509.909912	7.344125
180.708694	510.207367	7.335494
180.311188	510.504364	7.326876
179.914276	510.800873	7.318272
179.518097	511.096863	7.309683
179.121231	511.393311	7.301081
178.711731	511.69928	7.292203
178.303055	512.004517	7.283343
177.895172	512.309204	7.274503
177.488251	512.613098	7.265682
177.082199	512.916382	7.25688
176.6772	513.218994	7.2481
176.273148	513.520752	7.239342
175.870087	513.821716	7.230606
175.46814	514.121887	7.221893
175.067276	514.421265	7.213204
174.667511	514.719849	7.20454
174.268967	515.017395	7.195901
173.871613	515.314148	7.187288
173.475449	515.609924	7.178702
173.080566	515.904724	7.170144
172.687012	516.198608	7.161613
172.294739	516.491455	7.153112
171.903885	516.783264	7.14464
171.507523	517.079102	7.13605
171.091537	517.389587	7.127035
170.6772	517.698914	7.118057
170.26474	518.006775	7.109118
169.853928	518.313416	7.100214
169.444977	518.618591	7.091353
169.037872	518.922424	7.08253
168.632706	519.224731	7.07375
168.229431	519.525696	7.065011
167.828094	519.825134	7.056316
167.428802	520.123047	7.047663
167.031662	520.419373	7.039057
166.636505	520.714111	7.030496
166.243576	521.007263	7.021982
165.852707	521.298767	7.013514
165.464233	521.588562	7.005097
165.077911	521.876709	6.996727
164.693954	522.163025	6.988409
164.282639	522.469727	6.979498
163.859741	522.785095	6.970336
163.439819	523.098206	6.961239
163.023026	523.408875	6.952211
162.60939	523.717224	6.943249
162.198959	524.023193	6.934359
161.791779	524.326721	6.92554
161.387939	524.627625	6.916794
160.987473	524.926025	6.908121
160.590485	525.221863	6.899522
160.197052	525.515015	6.891
159.807159	525.80542	6.882556
159.420868	526.093201	6.87419
159.038223	526.378174	6.865904
158.659317	526.660339	6.857699
158.28418	526.939697	6.849576
157.874359	527.244751	6.840714
157.463242	527.55072	6.831851
157.054016	527.855164	6.823054
156.646515	528.158142	6.814319
156.240784	528.459839	6.805648
155.836716	528.760132	6.797037
155.434418	529.059021	6.788488
155.033768	529.356628	6.779998
154.634857	529.652771	6.771567
154.237549	529.947693	6.763194
153.841904	530.241333	6.754879
153.447891	530.533569	6.746618
153.055527	530.824585	6.738414
152.664658	531.11438	6.730263
152.258331	531.415527	6.72181
151.847397	531.719971	6.713283
151.438065	532.023193	6.704813
151.030502	532.325012	6.696399
150.624741	532.625366	6.688043
150.220566	532.9245	6.67974
149.818069	533.22229	6.67149
149.417145	533.518921	6.663292
149.017868	533.814148	6.655146
148.620209	534.108093	6.647049
148.224152	534.400818	6.639002
147.829666	534.692322	6.631002
147.436615	534.982666	6.623049
147.037933	535.2771	6.614995
146.626968	535.580505	6.60671
146.217651	535.882751	6.598474
145.809952	536.183594	6.590283
145.4039	536.483215	6.58214
144.999359	536.781555	6.574039
144.59639	537.078796	6.565981
144.194931	537.374817	6.557964
143.794998	537.669678	6.549989
143.396515	537.96344	6.542052
142.999542	538.25592	6.534154
142.603928	538.547424	6.526291
142.209778	538.83783	6.518464
141.805328	539.135742	6.51044
141.395935	539.437256	6.502323
140.987961	539.737671	6.49424
140.581436	540.036926	6.486189
140.176346	540.335205	6.47817
139.772629	540.632324	6.470181
139.370285	540.928528	6.46222
138.969223	541.223633	6.454285
138.569504	541.517822	6.446375
138.171051	541.810974	6.43849
137.773819	542.103271	6.430627
137.377914	542.394531	6.422785
136.975754	542.69043	6.414814
136.56752	542.990723	6.406719
136.160522	543.290161	6.398641
135.75473	543.588684	6.390579
135.350098	543.886292	6.382532
134.946655	544.183105	6.374496
134.54425	544.479126	6.366473
134.143005	544.774353	6.358457
133.742737	545.068787	6.350449
133.343567	545.362488	6.342448
132.945313	545.655518	6.334451
132.548096	545.947815	6.326456
132.143143	546.245789	6.318288
131.73703	546.544739	6.310077
131.33165	546.84314	6.301859
130.927399	547.140747	6.293641
130.52388	547.437866	6.285416
130.121155	547.734436	6.277181
129.719269	548.030457	6.268938
129.318146	548.325989	6.260684
128.917709	548.621033	6.252415
128.518066	548.915588	6.244133
128.119064	549.209778	6.235832
127.717949	549.505493	6.227458
127.313492	549.803711	6.218979
126.909706	550.101685	6.210478
126.506424	550.399292	6.201952
126.103668	550.696655	6.193399
125.701424	550.993652	6.184818
125.299568	551.290466	6.176205
124.898216	551.587036	6.167562
124.497223	551.883423	6.158882
124.096542	552.179749	6.150168
123.696205	552.47583	6.141414
123.295677	552.772278	6.132611
122.893692	553.069885	6.123727
122.491852	553.367493	6.114799
122.09021	553.6651	6.105823
121.68869	553.962769	6.0968
121.287376	554.260376	6.087728
120.886131	554.558167	6.078603
120.484863	554.856018	6.069425
120.083611	555.154053	6.06019
119.682396	555.452271	6.050899
119.28109	555.75061	6.041548
118.879799	556.049194	6.032138
118.48056	556.346313	6.022715
118.081146	556.643799	6.013227
117.681541	556.94165	6.003674
117.2817	557.239746	5.994051
116.881638	557.538208	5.98436
116.481224	557.837097	5.974596
116.080528	558.136414	5.964757
115.679512	558.436218	5.954843
115.277985	558.73645	5.944851
114.876129	559.037231	5.934781
114.473785	559.338562	5.924628
114.076538	559.636292	5.914534
113.679825	559.933777	5.904384
113.282578	560.231873	5.89415
112.884705	560.530701	5.88383
112.486305	560.830078	5.873422
112.087242	561.130127	5.862925
111.687439	561.43103	5.852336
111.286987	561.732544	5.841653
110.885796	562.034912	5.830876
110.483803	562.338074	5.820002
110.081093	562.642029	5.80903
109.679901	562.945068	5.798024
109.281342	563.246399	5.787023
108.882965	563.547974	5.77596
108.484703	563.849854	5.764832
108.086502	564.151917	5.753643
107.688377	564.454285	5.742393
107.290329	564.756897	5.73108
106.892517	565.059692	5.71971
106.494705	565.362732	5.708279
106.09713	565.665833	5.696791
105.699684	565.969299	5.685246
105.302361	566.272827	5.673644
104.904961	566.576782	5.66198
104.507713	566.880798	5.65026
104.110641	567.184998	5.638488
103.713768	567.489258	5.626661
103.317009	567.793762	5.614783
102.920525	568.098267	5.602852
102.524178	568.402893	5.590871
102.128105	568.707581	5.578843
101.732208	569.012329	5.566764
101.336563	569.3172	5.554637
100.941132	569.622009	5.542463
100.545288	569.927368	5.530224
100.148689	570.233582	5.517907
99.75238	570.539734	5.505546
99.356285	570.845825	5.49314
98.960487	571.152039	5.480691
98.564957	571.45813	5.468199
98.169762	571.764221	5.455667
97.774818	572.070251	5.443094
97.380173	572.376099	5.430482
96.985916	572.681946	5.41783
96.591873	572.987732	5.40514
96.198181	573.293396	5.392415
95.802086	573.601013	5.379561
95.406036	573.908813	5.366664
95.010292	574.216431	5.35373
94.614975	574.523926	5.340762
94.219978	574.831238	5.327761
93.825371	575.138367	5.314728
93.43119	575.445251	5.301662
93.037323	575.751953	5.288567
92.643921	576.058472	5.275442
92.250916	576.364685	5.26229
91.858337	576.670715	5.249107
91.463921	576.97821	5.235822
91.067635	577.287231	5.222433
90.671852	577.595947	5.209018
90.27652	577.904297	5.19558
89.881577	578.212402	5.182116
89.487206	578.520203	5.16863
89.093315	578.827576	5.155122
88.69986	579.134705	5.141591
88.306931	579.441345	5.128041
87.914528	579.74762	5.114472
87.522675	580.053528	5.100884
87.129807	580.360168	5.087228
86.732948	580.669983	5.073395
86.336639	580.979309	5.059546
85.94088	581.288208	5.045681
85.545738	581.596558	5.031804
85.151154	581.90448	5.017912
84.757164	582.211853	5.004007
84.363731	582.518799	4.990091
83.970955	582.825134	4.976164
83.578766	583.130981	4.962228
83.187202	583.436279	4.948284
82.795212	583.74176	4.934292
82.397339	584.051819	4.920062
82.000153	584.361267	4.905825
81.603653	584.669983	4.891583
81.207832	584.978088	4.877337
80.812714	585.285583	4.863088
80.418297	585.592407	4.848838
80.024628	585.898499	4.834587
79.631676	586.203857	4.820335
79.239471	586.508545	4.806086
78.847984	586.8125	4.791837
78.454842	587.117554	4.777503
78.055641	587.427124	4.762924
77.657188	587.735962	4.748349
77.259628	588.043884	4.733783
76.862831	588.351013	4.719222
76.466934	588.657227	4.704672
76.071854	588.962646	4.69013
75.677696	589.26709	4.675601
75.284355	589.570679	4.661084
74.891891	589.873291	4.646578
74.500328	590.174988	4.632088
74.102592	590.481201	4.617351
73.701775	590.789429	4.602481
73.301994	591.09668	4.587632
72.903107	591.402771	4.5728
72.505272	591.707886	4.557992
72.108414	592.011841	4.543203
71.71254	592.314758	4.528438
71.317749	592.616455	4.513699
70.923965	592.917114	4.498984
70.531174	593.216553	4.484296
70.135529	593.517822	4.469489
69.731895	593.824768	4.454372
69.329376	594.130432	4.439285
68.928009	594.434814	4.424233
68.52787	594.737854	4.409217
68.128845	595.039551	4.394236
67.731056	595.339844	4.379293
67.334435	595.638794	4.364389
66.939079	595.93634	4.349527
66.544922	596.232422	4.334705
66.146133	596.531494	4.319697
65.735878	596.838562	4.304126
65.328064	597.143372	4.288478
64.922676	597.44574	4.272754
64.519547	597.745911	4.256957
64.11879	598.043823	4.24109
63.720253	598.339539	4.225156
63.323944	598.633118	4.209157
62.929783	598.924622	4.193096
62.537712	599.21405	4.176975
62.130527	599.51416	4.160081
61.720642	599.815674	4.142924
61.312946	600.115173	4.125708
60.907402	600.412537	4.108438
60.503887	600.707947	4.091115
60.102364	601.001404	4.073743
59.702831	601.292847	4.056327
59.305134	601.582642	4.038867
58.909313	601.870544	4.021369
58.501503	602.166748	4.00322
58.091309	602.464233	3.984844
57.682949	602.759888	3.966436
57.276306	603.053894	3.947998
56.871346	603.346313	3.929534
56.467968	603.637146	3.911047
56.06617	603.926453	3.892541
55.66584	604.214294	3.874019
55.264999	604.502258	3.855395
54.854275	604.796875	3.836236
54.444862	605.090271	3.81707
54.036777	605.382324	3.797903
53.629864	605.673279	3.778737
53.22414	605.963074	3.759578
52.81945	606.251831	3.740427
52.415779	606.539612	3.72129
52.013046	606.826538	3.70217
51.604824	607.117126	3.682771
51.195877	607.40802	3.663325
50.787636	607.698242	3.643907
50.380096	607.987793	3.624524
49.973064	608.276794	3.605178
49.566582	608.565308	3.585875
49.160488	608.853455	3.566617
48.754745	609.141235	3.547409
48.347927	609.429749	3.528192
47.940487	609.718628	3.508995
47.533123	610.007385	3.48986
47.12582	610.296204	3.470793
46.718456	610.584961	3.451797
46.310993	610.873962	3.432876
45.903301	611.163086	3.414033
45.49535	611.452515	3.395275
45.088787	611.741028	3.376684
44.683632	612.028687	3.358268
44.278027	612.316772	3.339948
43.871796	612.605408	3.321724
43.464939	612.894775	3.303603
43.057323	613.184814	3.285589
42.648888	613.475647	3.267683
42.23959	613.767395	3.249892
41.831795	614.058228	3.232326
41.429764	614.345215	3.215168
41.026699	614.633362	3.198132
40.622459	614.922485	3.181219
40.21701	615.212891	3.164433
39.810272	615.504456	3.14778
39.402206	615.797424	3.131262
38.992733	616.091675	3.114882
38.581757	616.387512	3.098645
38.181816	616.675659	3.083044
37.782284	616.963989	3.067658
37.381153	617.253784	3.052415
36.978378	617.545288	3.037318
36.573906	617.838379	3.022371
36.167618	618.13324	3.007577
35.75951	618.429932	2.99294
35.34951	618.728394	2.978462
34.940567	619.026611	2.964253
34.545837	619.31488	2.950757
34.149178	619.605103	2.937414
33.750526	619.897217	2.92423
33.349903	620.191284	2.911205
32.947166	620.487366	2.898343
32.542343	620.785522	2.885647
32.13533	621.085754	2.87312
31.726034	621.388245	2.860765
31.315136	621.692444	2.848603
30.924627	621.981995	2.837265
30.531523	622.273682	2.826059
30.135878	622.567627	2.814981
29.737812	622.863586	2.804029
29.337303	623.161621	2.793204
28.934492	623.461731	2.782503
28.529375	623.763672	2.771924
28.122089	624.067627	2.761465
27.712637	624.373352	2.751127
27.308105	624.675659	2.741077
26.915077	624.969604	2.731465
26.520233	625.265137	2.721956
26.12373	625.562073	2.712549
25.725565	625.860535	2.703242
25.325781	626.160278	2.694035
24.924452	626.461487	2.684924
24.52166	626.763916	2.67591
24.117422	627.067627	2.666991
23.711796	627.372498	2.658165
23.306992	627.677002	2.649476
22.912441	627.973999	2.641119
22.516737	628.271912	2.632845
22.11998	628.57074	2.624654
21.722168	628.870605	2.616543
21.323399	629.171326	2.608512
20.923691	629.4729	2.600559
20.523085	629.775208	2.592682
20.12162	630.078369	2.584881
19.719395	630.382202	2.577154
19.316444	630.686707	2.569501
18.91744	630.988342	2.562006
18.520761	631.28833	2.554634
18.123535	631.588867	2.547329
17.725761	631.889893	2.540089
17.327559	632.191406	2.532914
16.928846	632.493347	2.525802
16.529785	632.795715	2.518751
16.130449	633.098328	2.511761
15.730762	633.401306	2.50483
15.330839	633.704529	2.497957
14.930781	634.008057	2.491143
14.532187	634.310425	2.484411
14.133769	634.612793	2.477737
13.735312	634.915283	2.471117
13.336816	635.217773	2.464547
12.938378	635.520447	2.458029
12.540039	635.823059	2.451559
12.141816	636.12561	2.445138
11.743809	636.428101	2.438764
11.345996	636.730469	2.432436
10.948477	637.032715	2.426152
10.550977	637.334961	2.419906
10.150488	637.639587	2.413651
9.750371	637.943909	2.407436
9.350761	638.247925	2.401263
8.95166	638.551636	2.395128
8.553124	638.854919	2.389032
8.155175	639.157776	2.382973
7.75791	639.460205	2.376949
7.361387	639.762085	2.37096
6.965566	640.063477	2.365003
6.570566	640.364258	2.359079
6.172793	640.667175	2.353131
5.770136	640.973816	2.347127
5.368515	641.279724	2.341153
4.96791	641.584839	2.335207
4.568438	641.889099	2.329288
4.170097	642.192627	2.323395
3.772949	642.495117	2.317525
3.377051	642.796753	2.311679
2.982441	643.097351	2.305855
2.589219	643.396912	2.300051
2.197363	643.695435	2.294266
1.792383	644.003967	2.288283
1.388066	644.312012	2.282304
0.985469	644.618713	2.276341
0.58459	644.924072	2.270393
0.185527	645.228027	2.264458
-0.211641	645.530518	2.258535
-0.606914	645.831604	2.252623
-1.000215	646.131104	2.246719
-1.391484	646.429016	2.240824
-1.780645	646.725281	2.234933
-2.187793	647.035217	2.22874
-2.594746	647.344971	2.222516
-2.99918	647.652771	2.216293
-3.400976	647.958435	2.210071
-3.800117	648.262085	2.203846
-4.196504	648.563599	2.197617
-4.590058	648.862854	2.191383
-4.980703	649.159851	2.185141
-5.368437	649.454529	2.178891
-5.765586	649.756287	2.172426
-6.177441	650.069092	2.16565
-6.585605	650.378967	2.158858
-6.98998	650.685913	2.152046
-7.390508	650.989807	2.145213
-7.787051	651.290527	2.138357
-8.179609	651.588135	2.131475
-8.568007	651.882385	2.124565
-8.952188	652.173401	2.117626
-9.351475	652.475586	2.110325
-9.759316	652.784363	2.10288
-10.163916	653.090637	2.095515
-10.565371	653.394531	2.08823
-10.963711	653.696106	2.081021
-11.358945	653.9953	2.073888
-11.751182	654.292236	2.066828
-12.14039	654.586853	2.05984
-12.538632	654.888367	2.052707
-12.946123	655.196838	2.045428
-13.35039	655.50293	2.038223
-13.751454	655.806519	2.031092
-14.149414	656.107849	2.024031
-14.544296	656.406799	2.01704
-14.936113	656.70343	2.010116
-15.324951	656.997864	2.003258
-15.730253	657.304688	1.99612
-16.135771	657.611694	1.988991
-16.538095	657.916382	1.981927
-16.937382	658.218628	1.974927
-17.333603	658.518677	1.967987
-17.726807	658.816406	1.961106
-18.117138	659.111938	1.954281
-18.517841	659.415283	1.947277
-18.923134	659.722168	1.940196
-19.325371	660.026733	1.933169
-19.724667	660.329041	1.926193
-20.121054	660.629211	1.919265
-20.514639	660.927185	1.912382
-20.905487	661.223083	1.905541
-21.3083	661.528137	1.898483
-21.712109	661.833862	1.891398
-22.113163	662.137512	1.884348
-22.511543	662.439209	1.877333
-22.907295	662.738831	1.870347
-23.300566	663.03656	1.863388
-23.695488	663.335632	1.85638
-24.099628	663.641541	1.849185
-24.501318	663.945679	1.842009
-24.900614	664.247925	1.834846
-25.297665	664.548584	1.827695
-25.692539	664.847534	1.82055
-26.085331	665.144897	1.813409
-26.488516	665.450134	1.80604
-26.889912	665.754028	1.798662
-27.289413	666.056458	1.791276
-27.68708	666.357483	1.783877
-28.083027	666.657227	1.776461
-28.477364	666.95575	1.769025
-28.878496	667.259338	1.761405
-29.279032	667.562561	1.753738
-29.678242	667.864746	1.746036
-30.076191	668.165894	1.738294
-30.472988	668.466309	1.730509
-30.868769	668.765869	1.722676
-31.268906	669.068665	1.714684
-31.668398	669.370972	1.70663
-32.067196	669.672729	1.698513
-32.465389	669.97406	1.690328
-32.863094	670.274963	1.682071
-33.260586	670.575745	1.673733
-33.659275	670.87738	1.665284
-34.057812	671.178955	1.656747
-34.456326	671.480469	1.64812
-34.854919	671.782043	1.639396
-35.253731	672.083679	1.630572
-35.658009	672.389526	1.621521
-36.071541	672.702515	1.61202
-36.477146	673.009644	1.602412
-36.875214	673.311401	1.592704
-37.266026	673.607788	1.582898
-37.64996	673.899231	1.573002
-38.053406	674.205627	1.56232
-38.459911	674.514587	1.551267
-38.859413	674.81842	1.540122
-39.252373	675.117432	1.528893
-39.639236	675.411926	1.517585
-40.038906	675.71637	1.50565
-40.442345	676.023804	1.493352
-40.840359	676.327271	1.480989
-41.233494	676.627075	1.468567
-41.622364	676.923706	1.456096
-42.024132	677.230225	1.443038
-42.423309	677.534729	1.429915
-42.819675	677.837158	1.416765
-43.213856	678.137878	1.403598
-43.608982	678.439209	1.390338
-44.006248	678.742065	1.376976
-44.403259	679.044678	1.363625
-44.800663	679.347412	1.350295
-45.19907	679.650696	1.336997
-45.592155	679.949646	1.323971
-45.987549	680.250244	1.310993
-46.385857	680.552612	1.298071
-46.787724	680.857544	1.285216
-47.184395	681.158203	1.27273
-47.575733	681.454529	1.260628
-47.971951	681.754211	1.248611
-48.37365	682.057739	1.236686
-48.781319	682.365356	1.224862
-49.173183	682.660706	1.213772
-49.563709	682.954773	1.202994
-49.960751	683.253357	1.192323
-50.364735	683.556763	1.181765
-50.776131	683.865479	1.171326
-51.170811	684.161255	1.161607
-51.558758	684.451721	1.152336
-51.953838	684.747192	1.143179
-52.356365	685.047791	1.13414
-52.766716	685.354065	1.125225
-53.184208	685.665283	1.116458
-53.566307	685.949829	1.108698
-53.955429	686.23938	1.101047
-54.351807	686.533997	1.09351
-54.755672	686.833984	1.086091
-55.167274	687.139343	1.078791
-55.586834	687.450439	1.071616
-55.978672	687.740662	1.065138
-56.365837	688.027466	1.058902
-56.759785	688.319153	1.052715
-57.160294	688.615479	1.046574
-57.567215	688.916565	1.040481
-57.98032	689.222046	1.034434
-58.399441	689.53186	1.028435
-58.797089	689.825745	1.02286
-59.187889	690.114502	1.017487
-59.583202	690.406555	1.012153
-59.982891	690.701721	1.006856
-60.386806	690.999817	1.001598
-60.794834	691.301025	0.996377
-61.206787	691.60498	0.991195
-61.622559	691.911621	0.98605
-62.016132	692.201843	0.981256
-62.41124	692.493164	0.976513
-62.809296	692.78656	0.971804
-63.210205	693.082031	0.967127
-63.613846	693.379333	0.962482
-64.020103	693.678589	0.95787
-64.428864	693.979614	0.953291
-64.839996	694.282227	0.948744
-65.241913	694.578003	0.944354
-65.639442	694.870605	0.940063
-66.038834	695.164429	0.935802
-66.439995	695.459412	0.93157
-66.842819	695.755615	0.927367
-67.247208	696.052979	0.923193
-67.653046	696.351135	0.919049
-68.060234	696.650391	0.914933
-68.468681	696.950439	0.910847
-68.869003	697.244446	0.906881
-69.269997	697.538879	0.902946
-69.671928	697.833862	0.899037
-70.074669	698.129456	0.895157
-70.478104	698.425476	0.891303
-70.882179	698.721863	0.887477
-71.286766	699.018555	0.883678
-71.691788	699.315552	0.879906
-72.096977	699.612488	0.876162
-72.500702	699.908325	0.872461
-72.904572	700.204224	0.868786
-73.308495	700.500061	0.865138
-73.712364	700.795776	0.861517
-74.116089	701.091309	0.857922
-74.5196	701.386536	0.854353
-74.922775	701.681519	0.850811
-75.325516	701.976074	0.847295
-75.728706	702.270874	0.843796
-76.13604	702.568604	0.840283
-76.542656	702.865662	0.836797
-76.948456	703.16217	0.833337
-77.353317	703.457825	0.829904
-77.757156	703.752625	0.826498
-78.159897	704.04657	0.823118
-78.561401	704.339417	0.819764
-78.961617	704.631287	0.816437
-79.365448	704.925659	0.813094
-79.776314	705.225159	0.809708
-80.185448	705.523193	0.80635
-80.592751	705.819763	0.803019
-80.9981	706.114807	0.799716
-81.401405	706.408264	0.796441
-81.802559	706.700012	0.793194
-82.201431	706.98999	0.789974
-82.597954	707.278137	0.786781
-83.011276	707.578369	0.783461
-83.424774	707.878479	0.780147
-83.835236	708.176392	0.776863
-84.242538	708.471802	0.773609
-84.646538	708.764587	0.770386
-85.04715	709.054749	0.767193
-85.444199	709.342224	0.76403
-85.837585	709.626831	0.760897
-86.253807	709.927856	0.757581
-86.671425	710.229675	0.754252
-87.084259	710.52771	0.750959
-87.492134	710.822021	0.7477
-87.894897	711.112427	0.744475
-88.292381	711.398743	0.741285
-88.684395	711.680908	0.73813
-89.08828	711.971313	0.734871
-89.512062	712.275391	0.731475
-89.928574	712.573486	0.728171
-90.338081	712.865906	0.724956
-90.740837	713.152893	0.721827
-91.137085	713.434509	0.718783
-91.527084	713.710999	0.715822
-91.943085	714.005188	0.712701
-92.363312	714.301697	0.709592
-92.776764	714.592651	0.706577
-93.183784	714.878357	0.703652
-93.584747	715.159058	0.700814
-93.979958	715.43512	0.698061
-94.396149	715.725159	0.695211
-94.814552	716.016052	0.692398
-95.227432	716.302429	0.689674
-95.635239	716.584656	0.687035
-96.038437	716.863159	0.684477
-96.443817	717.142639	0.681958
-96.861694	717.430237	0.679417
-97.275917	717.714844	0.676955
-97.687027	717.996948	0.674565
-98.095535	718.276917	0.672244
-98.502754	718.555786	0.669984
-98.916382	718.838806	0.66774
-99.328979	719.120972	0.665554
-99.741074	719.402771	0.663421
-100.153236	719.684692	0.661336
-100.565964	719.967041	0.659295
-100.973602	720.246094	0.657321
-101.382912	720.52655	0.65538
-101.794464	720.808716	0.653466
-102.208755	721.093323	0.651576
-102.626366	721.380554	0.649704
-103.029938	721.65863	0.647924
-103.434402	721.937805	0.646167
-103.843239	722.220581	0.644413
-104.256927	722.507385	0.642661
-104.675919	722.798523	0.640905
-105.086472	723.084412	0.6392
-105.483521	723.361633	0.637564
-105.886208	723.643433	0.635915
-106.294899	723.930115	0.634251
-106.709938	724.222107	0.632568
-107.131714	724.519531	0.630862
-107.537262	724.806213	0.629226
-107.929649	725.084351	0.627644
-108.328316	725.367554	0.626037
-108.733536	725.65625	0.624403
-109.145584	725.950378	0.622739
-109.564705	726.250366	0.621043
-109.990425	726.555847	0.619316
-110.37484	726.832336	0.617752
-110.765388	727.113831	0.616157
-111.1623	727.400452	0.614531
-111.565742	727.692505	0.612871
-111.975883	727.990051	0.611177
-112.392929	728.293213	0.609445
-112.817047	728.602173	0.607676
-113.211784	728.890198	0.606024
-113.59404	729.169678	0.604434
-113.983406	729.454773	0.602824
-114.379707	729.745239	0.601194
-114.78273	730.041077	0.599547
-115.192299	730.342102	0.597881
-115.608238	730.648132	0.596199
-116.030342	730.959045	0.5945
-116.450066	731.268555	0.592819
-116.835014	731.552612	0.591284
-117.224411	731.840271	0.589738
-117.618111	732.131409	0.588181
-118.016014	732.425781	0.586614
-118.417946	732.723328	0.585037
-118.823814	733.024048	0.583451
-119.233467	733.327698	0.581857
-119.646774	733.634338	0.580253
-120.063599	733.943787	0.578643
-120.463806	734.241089	0.577101
-120.855064	734.53186	0.5756
-121.249023	734.824829	0.574092
-121.645554	735.119812	0.57258
-122.044586	735.41687	0.571063
-122.445992	735.715759	0.569542
-122.849663	736.016479	0.568017
-123.255531	736.31897	0.566489
-123.663452	736.623108	0.564957
-124.073349	736.928894	0.563423
-124.479393	737.231873	0.561908
-124.874077	737.52655	0.560439
-125.270271	737.822388	0.558969
-125.667885	738.119385	0.557498
-126.066841	738.41748	0.556027
-126.467049	738.716614	0.554555
-126.868393	739.016724	0.553082
-127.270805	739.317627	0.551611
-127.674194	739.619446	0.550139
-128.078461	739.921936	0.548669
-128.483521	740.225159	0.5472
-128.885635	740.526245	0.545746
-129.284546	740.82489	0.544308
-129.683945	741.124146	0.542872
-130.083786	741.423645	0.541438
-130.483948	741.723511	0.540008
-130.884369	742.023682	0.53858
-131.284943	742.323914	0.537156
-131.685608	742.624329	0.535736
-132.086243	742.924805	0.534321
-132.486816	743.22522	0.532909
-132.887192	743.525635	0.531503
-133.288803	743.826965	0.530096
-133.691742	744.129272	0.52869
-134.094223	744.431396	0.527289
-134.496185	744.733093	0.525894
-134.897552	745.034424	0.524506
-135.298187	745.335205	0.523124
-135.698044	745.635559	0.52175
-136.097031	745.93512	0.520384
-136.495041	746.23407	0.519025
-136.892014	746.532227	0.517675
-137.287842	746.82959	0.516333
-137.690002	747.131775	0.514974
-138.097198	747.437744	0.513604
-138.502914	747.742554	0.512243
-138.907013	748.046204	0.510893
-139.309402	748.348572	0.509555
-139.709991	748.649658	0.508227
-140.108704	748.94928	0.506912
-140.505417	749.247498	0.505608
-140.90004	749.544067	0.504317
-141.29248	749.83905	0.503038
-141.682632	750.132263	0.501773
-142.095917	750.442871	0.500439
-142.506805	750.751709	0.499119
-142.914749	751.05835	0.497816
-143.319611	751.36261	0.49653
-143.721298	751.66449	0.495261
-144.119705	751.963989	0.494009
-144.514679	752.260742	0.492775
-144.906128	752.554932	0.49156
-145.29393	752.846313	0.490364
-145.681656	753.137573	0.489176
-146.10202	753.453369	0.487898
-146.517456	753.765381	0.486644
-146.927826	754.073547	0.485416
-147.332947	754.377808	0.484214
-147.732666	754.677856	0.483038
-148.126816	754.973755	0.48189
-148.515274	755.265198	0.48077
-148.897842	755.552246	0.479679
-149.283447	755.841492	0.478591
-149.712708	756.16333	0.477395
-150.133362	756.478638	0.476241
-150.545135	756.78717	0.475129
-150.94783	757.088745	0.474059
-151.341141	757.383179	0.473034
-151.724854	757.670227	0.472053
-152.098694	757.949768	0.471118
-152.494339	758.245361	0.470154
-152.918106	758.562012	0.469157
-153.331284	758.870667	0.468223
-153.734146	759.171692	0.467352
-154.126923	759.46521	0.466541
-154.509903	759.751404	0.465789
-154.88385	760.030762	0.465093
-155.311111	760.349976	0.464348
-155.725922	760.659912	0.463677
-156.128677	760.960815	0.463079
-156.519821	761.253113	0.46255
-156.89975	761.536987	0.462088
-157.301514	761.837158	0.461659
-157.719055	762.149109	0.461281
-158.123093	762.450989	0.460983
-158.514313	762.743347	0.460762
-158.893372	763.02655	0.460615
-159.307892	763.336304	0.46053
-159.716995	763.641907	0.46053
-160.112793	763.937622	0.460608
-160.496338	764.224304	0.460761
-160.904846	764.529541	0.461006
-161.310745	764.832703	0.461333
-161.705246	765.127502	0.461729
-162.095642	765.419189	0.462192
-162.503387	765.723877	0.462744
-162.903015	766.022461	0.463345
-163.296417	766.316406	0.463983
-163.697159	766.615784	0.464668
-164.097244	766.914734	0.465372
-164.496735	767.213196	0.46608
-164.893173	767.50946	0.466771
-165.290588	767.806396	0.467438
-165.693359	768.1073	0.468072
-166.093124	768.406006	0.468648
-166.484665	768.698547	0.469151
-166.88588	768.998352	0.469596
-167.298355	769.306458	0.469974
-167.684464	769.594971	0.470251
-168.077423	769.88855	0.470454
-168.483078	770.191711	0.470581
-168.902588	770.505127	0.470625
