-116.141685	57.930752	-0.0075
-116.141685	57.430752	-0.0075
-116.141685	56.930752	-0.0075
-116.141685	56.430752	-0.0075
-116.141685	55.930752	-0.0075
-116.141685	55.430752	-0.0075
-116.141685	54.930752	-0.0075
-116.141685	54.430752	-0.0075
-116.141685	53.930752	-0.0075
-116.141685	53.430752	-0.0075
-116.141685	52.930752	-0.0075
-116.141685	52.430752	-0.0075
-116.141685	51.930752	-0.0075
-116.141685	51.430752	-0.0075
-116.141685	50.930752	-0.0075
-116.141685	50.430752	-0.0075
-116.141685	49.930752	-0.0075
-116.141685	49.430752	-0.0075
-116.141685	48.930752	-0.0075
-116.141685	48.430752	-0.0075
-116.141685	47.930752	-0.0075
-116.141685	47.430752	-0.0075
-116.141685	46.930752	-0.0075
-116.141685	46.430752	-0.0075
-116.141685	45.930752	-0.0075
-116.141685	45.430752	-0.0075
-116.141685	44.930752	-0.0075
-116.141685	44.430752	-0.0075
-116.141685	43.930752	-0.0075
-116.141685	43.430752	-0.0075
-116.141685	42.930752	-0.0075
-116.141685	42.430752	-0.0075
-116.141685	41.930752	-0.0075
-116.141685	41.430752	-0.0075
-116.141685	40.930752	-0.0075
-116.141685	40.430752	-0.0075
-116.141685	39.930752	-0.0075
-116.141685	39.430752	-0.0075
-116.141685	38.930752	-0.0075
-116.141685	38.430752	-0.0075
-116.141685	37.930752	-0.0075
-116.141685	37.430752	-0.0075
-116.141685	36.930752	-0.0075
-116.141685	36.430752	-0.0075
-116.141685	35.930752	-0.0075
-116.141685	35.430752	-0.0075
-116.141685	34.930752	-0.0075
-116.141685	34.430752	-0.0075
-116.141685	33.930752	-0.0075
-116.141685	33.430752	-0.0075
-116.141685	32.930752	-0.0075
-116.141685	32.430752	-0.0075
-116.141685	31.930754	-0.0075
-116.141685	31.430752	-0.0075
-116.141685	30.930752	-0.0075
-116.141685	30.430752	-0.0075
-116.141685	29.930754	-0.0075
-116.141685	29.430748	-0.0075
-116.141685	28.930752	-0.0075
-116.141685	28.430756	-0.0075
-116.141685	27.930752	-0.0075
-116.141685	27.430756	-0.0075
-116.141685	26.930752	-0.0075
-116.141685	26.430752	-0.0075
-116.141685	25.930754	-0.0075
-116.141685	25.430752	-0.0075
-116.141685	24.930754	-0.0075
-116.141685	24.430752	-0.0075
-116.141685	23.93075	-0.0075
-116.141685	23.430754	-0.0075
-116.141685	22.93075	-0.0075
-116.141685	22.430754	-0.0075
-116.141685	21.930756	-0.0075
-116.141685	21.430754	-0.0075
-116.141685	20.930752	-0.0075
-116.141685	20.43075	-0.0075
-116.141685	19.930752	-0.0075
-116.141685	19.430756	-0.0075
-116.141685	18.930754	-0.0075
-116.141685	18.430756	-0.0075
-116.141685	17.930754	-0.0075
-116.141685	17.430752	-0.0075
-116.141685	16.930752	-0.0075
-116.141685	16.430756	-0.0075
-116.141685	15.930752	-0.0075
-116.141685	15.430752	-0.0075
-116.141685	14.930752	-0.0075
-116.141678	14.430757	-0.0075
-116.141693	13.930752	-0.0075
-116.141693	13.430757	-0.0075
-116.141685	12.930747	-0.0075
-116.141685	12.430752	-0.0075
-116.141693	11.930752	-0.0075
-116.141693	11.430747	-0.0075
-116.141693	10.930752	-0.0075
-116.141685	10.430752	-0.0075
-116.141685	9.930747	-0.0075
-116.141685	9.430752	-0.0075
-116.141685	8.930757	-0.0075
-116.141693	8.430742	-0.0075
-116.141685	7.930747	-0.0075
-116.141685	7.430752	-0.0075
-116.141685	6.930752	-0.0075
-116.141685	6.430747	-0.0075
-116.141685	5.930752	-0.0075
-116.141685	5.430747	-0.0075
-116.141685	4.930752	-0.0075
-116.141685	4.430747	-0.0075
-116.141685	3.930752	-0.0075
-116.141685	3.430752	-0.0075
-116.141685	2.930752	-0.0075
-116.141685	2.430752	-0.0075
-116.141685	1.930747	-0.0075
-116.141685	1.430752	-0.0075
-116.141693	0.930747	-0.0075
-116.141693	0.430752	-0.0075
-116.141685	-0.069248	-0.0075
-116.141693	-0.569258	-0.0075
-116.141685	-1.069253	-0.0075
-116.141685	-1.569253	-0.0075
-116.141685	-2.069248	-0.0075
-116.141685	-2.569258	-0.0075
-116.141685	-3.069238	-0.0075
-116.141685	-3.569248	-0.0075
-116.141693	-4.069258	-0.0075
-116.141685	-4.569243	-0.0075
-116.141693	-5.069253	-0.0075
-116.141693	-5.569263	-0.0075
-116.141685	-6.069258	-0.0075
-116.141685	-6.569248	-0.0075
-116.141685	-7.069248	-0.0075
-116.141685	-7.569248	-0.0075
-116.141678	-8.069238	-0.0075
-116.141693	-8.569253	-0.0075
-116.141685	-9.069258	-0.0075
-116.141685	-9.569258	-0.0075
-116.141685	-10.069242	-0.0075
-116.141685	-10.569238	-0.0075
-116.141685	-11.069242	-0.0075
-116.141693	-11.569253	-0.0075
-116.141693	-12.069248	-0.0075
-116.141693	-12.569253	-0.0075
-116.141685	-13.069248	-0.0075
-116.141685	-13.569238	-0.0075
-116.141693	-14.069253	-0.0075
-116.141685	-14.569247	-0.0075
-116.141693	-15.069258	-0.0075
-116.141685	-15.569253	-0.0075
-116.141685	-16.069239	-0.0075
-116.141693	-16.569242	-0.0075
-116.141693	-17.069258	-0.0075
-116.141685	-17.569252	-0.0075
-116.141693	-18.069248	-0.0075
-116.141693	-18.569258	-0.0075
-116.141685	-19.069242	-0.0075
-116.141678	-19.569248	-0.0075
-116.141693	-20.069262	-0.0075
-116.141693	-20.569258	-0.0075
-116.141685	-21.069252	-0.0075
-116.141678	-21.569248	-0.0075
-116.141685	-22.069262	-0.0075
-116.141685	-22.569242	-0.0075
-116.141685	-23.069248	-0.0075
-116.141693	-23.569248	-0.0075
-116.141685	-24.069248	-0.0075
-116.141685	-24.569267	-0.0075
-116.141685	-25.069248	-0.0075
-116.141685	-25.569239	-0.0075
-116.141685	-26.069248	-0.0075
-116.141685	-26.569248	-0.0075
-116.141685	-27.069258	-0.0075
-116.141685	-27.569258	-0.0075
-116.141678	-28.069248	-0.0075
-116.141685	-28.569258	-0.0075
-116.141678	-29.069237	-0.0075
-116.141685	-29.569258	-0.0075
-116.141685	-30.069248	-0.0075
-116.141685	-30.569258	-0.0075
-116.141693	-31.069258	-0.0075
-116.141685	-31.569248	-0.0075
-116.141693	-32.069248	-0.0075
-116.141693	-32.569256	-0.0075
-116.141693	-33.069267	-0.0075
-116.141693	-33.569248	-0.0075
-116.141685	-34.069256	-0.0075
-116.141693	-34.569256	-0.0075
-116.141685	-35.069248	-0.0075
-116.141693	-35.569248	-0.0075
-116.141685	-36.069256	-0.0075
-116.141685	-36.569267	-0.0075
-116.141693	-37.069267	-0.0075
-116.141693	-37.569267	-0.0075
-116.141685	-38.069256	-0.0075
-116.141693	-38.569256	-0.0075
-116.141685	-39.069248	-0.0075
-116.141693	-39.569248	-0.0075
-116.141685	-40.069237	-0.0075
-116.141685	-40.569267	-0.0075
-116.141693	-41.069267	-0.0075
-116.141685	-41.569256	-0.0075
