MAN_ID|SEQ_NO|LINK_ID|POSITIVE_DIR
1675124|1|5326650032003910|1
1675124|2|5326650032003853|1
1675125|1|5326650032003853|1
1675125|2|5326650032003913|1
1679795|1|5326650032003880|1
1679795|2|5326650032003844|1
1679796|1|5326650032003879|1
1679796|2|5326650032003880|1
1679797|1|5326650032003880|0
1679797|2|5326650032003879|0
1679798|1|5326650032003844|0
1679798|2|5326650032003880|0
1679799|1|5326650032003844|1
1679799|2|5326650032003845|1
1679800|1|5326650032003845|0
1679800|2|5326650032003844|0
1679801|1|5326650032003845|1
1679801|2|5326650032003846|1
1679802|1|5326650032003846|0
1679802|2|5326650032003845|0
1679803|1|5326650032003846|1
1679803|2|5326650032003591|1
1679804|1|5326650032003591|0
1679804|2|5326650032003846|0
1679805|1|5326650032003591|1
1679805|2|5326650032003593|1
1679806|1|5326650032003593|0
1679806|2|5326650032003591|0
1679807|1|5326650032003593|1
1679807|2|5326650032003595|1
1679808|1|5326650032003595|0
1679808|2|5326650032003593|0
1679809|1|5326650032003595|1
1679809|2|5326650032003815|1
1679810|1|5326650032003815|0
1679810|2|5326650032003595|0
1679811|1|5326650032003815|1
1679811|2|5326650032003820|1
1679811|3|5326650032003819|1
1679812|1|5326650032003815|1
1679812|2|5326650032003816|1
1679812|3|5326650032003805|1
1679813|1|5326650032003807|1
1679813|2|5326650032003806|1
1679814|1|5326650032003814|1
1679814|2|5326650032003805|1
1679815|1|5326650032003814|1
1679815|2|5326650032003818|1
1679815|3|5326650032003819|1
1679816|1|5326650032003805|1
1679816|2|5326650032003806|1
1679817|1|5326650032003806|1
1679817|2|5326650032003606|1
1679818|1|5326650032003799|1
1679818|2|5326650032003606|1
1679819|1|5326650032003606|1
1679819|2|5326650032003813|1
1679820|1|5326650032003606|1
1679820|2|5326650032003847|1
1679820|3|5326650032003849|1
1679821|1|5326650032003606|1
1679821|2|5326650032003847|1
1679821|3|5326650032003897|1
1679822|1|5326650032003813|1
1679822|2|5326650032003814|1
1679823|1|5326650032003813|1
1679823|2|5326650032003817|1
1679823|3|5326650032003815|0
1679824|1|5326650032003849|1
1679824|2|5326650032003815|0
1679825|1|5326650032003819|1
1679825|2|5326650032003868|1
1679826|1|5326650032003810|1
1679826|2|5326650032003804|1
1679826|3|5326650032003868|1
1679827|1|5326650032003810|1
1679827|2|5326650032003807|1
1679828|1|5326650032003868|1
1679828|2|5326650032003869|1
1679829|1|5326650032003869|1
1679829|2|5326650032003881|1
1679830|1|5326650032003881|1
1679830|2|5326650032003882|1
1679831|1|5326650032003882|1
1679831|2|5326650032003866|1
1679832|1|5326650032003863|1
1679832|2|5326650032003866|1
1679833|1|5326650032003866|1
1679833|2|5326650032003867|1
1679834|1|5326650032003867|1
1679834|2|5326650032003841|1
1679835|1|5326650032003867|1
1679835|2|5326650032003840|1
1679836|1|5326650032003841|1
1679836|2|5326650032003842|1
1679837|1|5326650032003840|1
1679837|2|5326650032003808|1
1679838|1|5326650032003840|1
1679838|2|5326650032003891|1
1679839|1|5326650032003842|1
1679839|2|5326650032003808|1
1679840|1|5326650032003842|1
1679840|2|5326650032003891|1
1679841|1|5326650032003808|1
1679841|2|5326650032003887|1
1679842|1|5326650032003808|1
1679842|2|5326650032003883|1
1679843|1|5326650032003883|1
1679843|2|5326650032003884|1
1679844|1|5326650032003884|1
1679844|2|5326650032003873|1
1679845|1|5326650032003887|1
1679845|2|5326650032003889|1
1679846|1|5326650032003889|1
1679846|2|5326650032003890|1
1679847|1|5326650032003890|1
1679847|2|5326650032003871|1
1679848|1|5326650032003871|1
1679848|2|5326650032003863|1
1679849|1|5326650032003873|1
1679849|2|5326650032003810|1
1679850|1|5326650032003891|1
1679850|2|5326650032003892|1
1679851|1|5326650032003892|1
1679851|2|5326650032003886|1
1679852|1|5326650032003886|1
1679852|2|5326650032003810|1
1679853|1|5326650032003900|1
1679853|2|5326650032003877|1
1679856|1|5326650032003877|1
1679856|2|5326650032003774|1
1679857|1|5326650032003770|1
1679857|2|5326650032003774|1
1679858|1|5326650032003782|1
1679858|2|5326650032003907|1
1679859|1|5326650032003774|1
1679859|2|5326650032003907|1
1679860|1|5326650032003908|1
1679860|2|5326650032003875|1
1679862|1|5326650032003875|1
1679862|2|5326650032003829|1
1679863|1|5326650032003875|1
1679863|2|5326650032003826|1
1679864|1|5326650032003875|1
1679864|2|5326650032003917|1
1679865|1|5326650032003894|1
1679865|2|5326650032003917|1
1679866|1|5326650032003829|1
1679866|2|5326650032003799|1
1679867|1|5326650032003829|1
1679867|2|5326650032003905|1
1679868|1|5326650032003906|1
1679868|2|5326650032003896|1
1679869|1|5326650032003896|1
1679869|2|5326650032003770|1
1679870|1|5326650032003897|1
1679870|2|5326650032003899|1
1679871|1|5326650032003899|1
1679871|2|5326650032003900|1
1679873|1|5326650032003920|1
1679873|2|5326650032003782|1
1679875|1|5326650032003920|1
1679875|2|5326650032003911|1
1679878|1|5326650032003916|1
1679878|2|5326650032003782|1
1679879|1|5326650032003916|1
1679879|2|5326650032003911|1
1679884|1|5326650032003792|1
1679884|2|5326650032003795|1
1679885|1|5326650032003795|1
1679885|2|5326650032003793|1
1679892|1|5326650032003826|1
1679892|2|5326650032003903|1
1679893|1|5326650032003904|1
1679893|2|5326650032003833|1
1679894|1|5326650032003833|1
1679894|2|5326650032003901|1
1679895|1|5326650032003902|1
1679895|2|5326650032003903|1
1679897|1|5326650032003902|1
1679897|2|5326650032003894|1
1679898|1|5326650032003920|1
1679898|2|5326650032003785|1
1679898|3|5326650032003792|1
1679899|1|5326650032003916|1
1679899|2|5326650032003785|1
1679899|3|5326650032003792|1
1679900|1|5326650032003793|1
1679900|2|5326650032003785|0
1679900|3|5326650032003782|1
1679901|1|5326650032003793|1
1679901|2|5326650032003785|0
1679901|3|5326650032003911|1
1680239|1|5326650032003907|1
1680239|2|5326650032003908|1
1680240|1|5326650032003912|1
1680240|2|5326650032003910|1
1680241|1|5326650032003905|1
1680241|2|5326650032003906|1
1680243|1|5326650032003901|1
1680243|2|5326650032003902|1
1680244|1|5326650032003903|1
1680244|2|5326650032003904|1
1680245|1|5326650032003911|1
1680245|2|5326650032003912|1
1680246|1|5326650032003913|1
1680246|2|5326650032003915|1
1680247|1|5326650032003915|1
1680247|2|5326650032003916|1
1680248|1|5326650032003917|1
1680248|2|5326650032003919|1
1680249|1|5326650032003919|1
1680249|2|5326650032003920|1
1680645|1|5326650032003793|1
1680645|2|5326650032003792|1
