103.107628	-154.121033	-0.0075
103.607628	-154.121033	-0.0075
104.107628	-154.121033	-0.0075
104.607628	-154.121033	-0.0075
105.107628	-154.121033	-0.0075
105.607628	-154.121033	-0.0075
106.107628	-154.121033	-0.0075
106.607628	-154.121033	-0.0075
107.107628	-154.121033	-0.0075
107.607628	-154.121033	-0.0075
108.107628	-154.121033	-0.0075
108.607628	-154.121033	-0.0075
109.107628	-154.121033	-0.0075
109.607628	-154.121033	-0.0075
110.107628	-154.121033	-0.0075
110.607628	-154.121033	-0.0075
111.107628	-154.121033	-0.0075
111.607628	-154.121033	-0.0075
112.107628	-154.121033	-0.0075
112.607628	-154.121033	-0.0075
113.107628	-154.121033	-0.0075
113.607628	-154.121033	-0.0075
114.107628	-154.121033	-0.0075
114.607628	-154.121033	-0.0075
115.107628	-154.121033	-0.0075
115.607628	-154.121033	-0.0075
116.107628	-154.121033	-0.0075
116.607628	-154.121033	-0.0075
117.107628	-154.121033	-0.0075
117.607628	-154.121033	-0.0075
118.107628	-154.121033	-0.0075
118.607628	-154.121033	-0.0075
119.107628	-154.121033	-0.0075
119.607628	-154.121033	-0.0075
120.107628	-154.121033	-0.0075
120.607628	-154.121033	-0.0075
121.107628	-154.121033	-0.0075
121.607628	-154.121033	-0.0075
122.107628	-154.121033	-0.0075
122.607628	-154.121033	-0.0075
123.107628	-154.121033	-0.0075
123.607628	-154.121033	-0.0075
124.107628	-154.121033	-0.0075
124.607628	-154.121033	-0.0075
125.107628	-154.121033	-0.0075
125.607628	-154.121033	-0.0075
126.107628	-154.121033	-0.0075
126.607628	-154.121033	-0.0075
127.107628	-154.121033	-0.0075
127.607628	-154.121033	-0.0075
128.10762	-154.121033	-0.0075
128.60762	-154.121033	-0.0075
129.10762	-154.121033	-0.0075
129.60762	-154.121033	-0.0075
130.10762	-154.121033	-0.0075
130.60762	-154.121033	-0.0075
131.10762	-154.121033	-0.0075
131.60762	-154.121033	-0.0075
132.10762	-154.121033	-0.0075
132.60762	-154.121033	-0.0075
133.10762	-154.121033	-0.0075
133.60762	-154.121033	-0.0075
134.10762	-154.121033	-0.0075
134.60762	-154.121033	-0.0075
135.10762	-154.121033	-0.0075
135.60762	-154.121033	-0.0075
136.10762	-154.121033	-0.0075
136.60762	-154.121033	-0.0075
137.10762	-154.121033	-0.0075
137.607635	-154.121033	-0.0075
138.10762	-154.121033	-0.0075
138.60762	-154.121033	-0.0075
139.10762	-154.121033	-0.0075
139.60762	-154.121033	-0.0075
140.10762	-154.121033	-0.0075
140.60762	-154.121033	-0.0075
141.10762	-154.121033	-0.0075
141.60762	-154.121033	-0.0075
142.10762	-154.121033	-0.0075
142.60762	-154.121033	-0.0075
143.10762	-154.121033	-0.0075
143.60762	-154.121033	-0.0075
144.10762	-154.121033	-0.0075
144.60762	-154.121033	-0.0075
145.10762	-154.121033	-0.0075
145.60762	-154.121033	-0.0075
146.10762	-154.121033	-0.0075
146.60762	-154.121033	-0.0075
147.10762	-154.121033	-0.0075
147.60762	-154.121033	-0.0075
148.10762	-154.121033	-0.0075
148.60762	-154.121033	-0.0075
149.10762	-154.121033	-0.0075
149.60762	-154.121033	-0.0075
150.10762	-154.121033	-0.0075
150.60762	-154.121033	-0.0075
151.10762	-154.121033	-0.0075
151.60762	-154.121033	-0.0075
152.107635	-154.121033	-0.0075
152.60762	-154.121033	-0.0075
153.10762	-154.121033	-0.0075
153.60762	-154.121033	-0.0075
154.10762	-154.121033	-0.0075
154.60762	-154.121033	-0.0075
155.10762	-154.121033	-0.0075
155.60762	-154.121033	-0.0075
156.10762	-154.121033	-0.0075
156.60762	-154.121033	-0.0075
157.10762	-154.121033	-0.0075
157.60762	-154.121033	-0.0075
158.107635	-154.121033	-0.0075
158.607635	-154.121033	-0.0075
159.10762	-154.121033	-0.0075
159.607635	-154.121033	-0.0075
160.10762	-154.121033	-0.0075
160.60762	-154.121033	-0.0075
161.10762	-154.121033	-0.0075
161.60762	-154.121033	-0.0075
162.10762	-154.121033	-0.0075
162.60762	-154.121033	-0.0075
163.10762	-154.121033	-0.0075
163.60762	-154.121033	-0.0075
164.10762	-154.121033	-0.0075
164.60762	-154.121033	-0.0075
165.107635	-154.121033	-0.0075
165.60762	-154.121033	-0.0075
166.10762	-154.121033	-0.0075
166.607635	-154.121033	-0.0075
167.10762	-154.121033	-0.0075
167.60762	-154.121033	-0.0075
168.10762	-154.121033	-0.0075
168.60762	-154.121033	-0.0075
169.10762	-154.121033	-0.0075
169.60762	-154.121033	-0.0075
170.10762	-154.121033	-0.0075
170.60762	-154.121033	-0.0075
171.107635	-154.121033	-0.0075
171.60762	-154.121033	-0.0075
172.10762	-154.121033	-0.0075
172.60762	-154.121033	-0.0075
173.10762	-154.121033	-0.0075
173.60762	-154.121033	-0.0075
174.10762	-154.121033	-0.0075
174.607635	-154.121033	-0.0075
175.10762	-154.121033	-0.0075
175.60762	-154.121033	-0.0075
176.10762	-154.121033	-0.0075
176.607635	-154.121033	-0.0075
177.10762	-154.121033	-0.0075
177.60762	-154.121033	-0.0075
178.10762	-154.121033	-0.0075
178.60762	-154.121033	-0.0075
179.107635	-154.121033	-0.0075
179.607635	-154.121033	-0.0075
180.10762	-154.121033	-0.0075
180.607635	-154.121033	-0.0075
181.10762	-154.121033	-0.0075
181.60762	-154.121033	-0.0075
182.10762	-154.121033	-0.0075
182.60762	-154.121033	-0.0075
183.10762	-154.121033	-0.0075
183.607635	-154.121033	-0.0075
184.10762	-154.121033	-0.0075
184.607635	-154.121033	-0.0075
185.10762	-154.121033	-0.0075
185.607635	-154.121033	-0.0075
186.107635	-154.121033	-0.0075
186.60762	-154.121033	-0.0075
187.10762	-154.121033	-0.0075
187.607635	-154.121033	-0.0075
188.10762	-154.121033	-0.0075
188.60762	-154.121033	-0.0075
189.107651	-154.121033	-0.0075
189.607635	-154.121033	-0.0075
190.10762	-154.121033	-0.0075
190.60762	-154.121033	-0.0075
191.10762	-154.121033	-0.0075
191.60762	-154.121033	-0.0075
192.10762	-154.121033	-0.0075
192.607635	-154.121033	-0.0075
193.107635	-154.121033	-0.0075
193.607651	-154.121033	-0.0075
194.107635	-154.121033	-0.0075
194.60762	-154.121033	-0.0075
195.10762	-154.121033	-0.0075
195.60762	-154.121033	-0.0075
196.10762	-154.121033	-0.0075
196.60762	-154.121033	-0.0075
197.10762	-154.121033	-0.0075
197.60762	-154.121033	-0.0075
198.107635	-154.121033	-0.0075
198.60762	-154.121033	-0.0075
199.10762	-154.121033	-0.0075
199.60762	-154.121033	-0.0075
200.10762	-154.121033	-0.0075
200.60762	-154.121033	-0.0075
201.107635	-154.121033	-0.0075
201.60762	-154.121033	-0.0075
202.10762	-154.121033	-0.0075
